0.00
1.67
0.13
1.99
1.29
-0.08
1.32
0.62
0.66
0.66
0.66
0.47
0.95
0.19
0.37
-1.02
-0.22
-1.04
0.78
0.01
1.67
1.67
0.09
0.66
-0.90
0.29
0.66
0.37
0.66
-0.16
-0.00
1.32
0.55
3.42
1.04
0.66
0.66
-1.09
1.28
-0.90
0.73
0.25
-0.09
0.25
0.96
-2.73
0.66
0.10
-0.55
0.66
7.32
-0.67
0.00
-0.23
0.66
0.20
0.48
0.76
0.75
-0.23
0.05
0.47
-2.83
-0.10
-2.37
1.78
0.66
-0.15
0.24
-1.76
1.34
-1.94
0.45
-0.30
0.66
0.66
0.29
0.25
-1.01
-0.13
-0.07
0.35
-1.18
-1.23
-1.31
0.22
-1.35
1.32
1.59
0.78
1.30
-1.39
1.35
0.90
0.66
0.05
1.51
-1.27
1.17
1.87
-0.55
0.63
0.56
-2.09
1.16
-0.32
-0.70
2.44
0.26
2.65
-0.43
-0.26
5.73
0.56
-1.92
0.26
3.02
0.59
0.53
0.79
0.26
-0.72
0.14
0.26
1.00
0.08
-0.23
0.44
-0.85
-1.92
0.76
-0.66
-1.45
0.88
0.30
-2.78
-0.01
0.26
-0.52
0.14
-0.89
0.11
0.08
4.36
-0.30
-1.49
0.65
0.91
3.12
0.26
0.69
12.62
-0.23
-0.14
-0.13
-0.07
0.37
1.54
0.26
0.26
0.30
0.56
0.37
0.88
1.46
0.26
4.77
-0.94
0.12
-0.94
6.06
0.28
-0.14
-2.38
0.26
0.52
0.26
0.25
3.16
0.61
-0.06
1.19
1.49
1.51
-0.97
-0.10
-0.97
-2.03
-2.44
2.42
7.35
0.26
-0.06
1.06
0.78
0.02
0.13
-0.20
-1.61
-1.43
-1.66
-1.67
0.88
0.53
-1.94
0.08
-0.44
0.07
1.15
0.53
-2.10
0.10
-1.71
0.72
-0.92
-0.26
0.26
0.26
0.26
0.66
-2.17
2.10
0.26
-0.25
0.26
0.04
5.39
0.69
1.33
0.26
-1.34
0.26
-0.32
1.03
0.90
2.70
0.90
0.37
0.45
0.26
0.39
-1.14
-0.16
0.53
-0.90
1.76
0.76
1.64
3.04
-0.01
-0.50
0.26
1.55
0.44
0.49
0.01
-0.70
0.26
-0.19
1.07
-0.32
0.31
0.37
-1.83
0.13
0.14
-0.67
-1.02
0.26
0.94
0.37
0.26
-0.63
0.81
0.57
-2.01
-0.51
2.49
1.35
0.00
-0.12
0.19
0.67
1.86
-0.46
-1.68
0.33
1.82
-0.65
0.77
0.62
-1.69
-2.55
0.05
-2.93
0.77
-2.01
2.32
1.04
-0.01
-1.97
0.25
-2.36
-1.96
0.33
1.59
-1.95
-0.01
0.11
0.96
0.38
-0.04
-2.10
0.33
-0.01
0.44
-0.53
0.33
5.09
-1.08
0.33
0.33
0.81
-8.25
-0.01
0.33
0.48
-0.33
-0.61
-0.37
0.33
-0.16
0.34
0.29
0.78
-2.21
-0.89
-0.24
-0.72
-5.92
-2.50
0.67
-0.19
-3.14
-1.33
0.14
-0.30
0.00
0.80
0.33
0.33
0.33
0.33
0.80
0.21
0.29
2.14
-5.52
3.81
2.47
0.33
0.52
0.33
2.09
-0.82
0.33
-0.64
-0.17
0.36
0.21
-0.22
3.29
-0.85
1.45
0.35
0.22
0.71
0.72
0.14
0.66
1.10
1.09
0.86
0.08
0.07
0.32
0.27
1.04
1.16
0.33
0.33
-0.85
-0.82
1.32
0.46
0.62
9.54
0.33
-0.24
0.92
0.33
0.94
5.73
1.24
1.07
2.65
0.97
-0.28
0.10
-3.56
-0.68
1.73
0.33
-1.00
-0.63
0.92
0.83
0.28
-0.03
1.51
-0.53
0.86
-0.14
2.70
0.67
1.20
4.00
1.59
-0.42
1.22
0.33
0.33
0.47
-0.66
3.00
3.81
0.38
-0.41
0.40
-1.48
2.39
-1.08
-0.28
0.86
0.46
0.33
0.24
0.11
0.69
0.18
0.33
0.02
-0.20
0.12
-0.86
-3.47
-1.15
-2.46
0.50
0.33
1.19
0.16
-3.82
-0.88
-0.88
-0.92
-2.65
-0.88
-2.77
-2.11
-5.25
-2.00
-0.88
-0.97
-1.77
-0.88
-1.06
-2.00
-1.33
-0.34
-1.77
-2.28
-1.77
-0.80
-1.37
-0.29
-2.95
-1.31
-0.88
-2.00
-0.88
-2.53
-1.91
-2.93
-3.54
-0.88
-3.68
-2.03
-1.99
-1.23
-0.96
-0.77
-0.93
-0.88
-2.38
0.10
-4.08
-1.66
-0.58
-0.13
-4.50
-0.98
-0.55
-5.84
-2.10
-2.04
-5.33
-3.27
-0.51
-0.35
-0.88
-2.97
-1.63
-0.78
-2.34
-3.37
-2.94
-0.43
-0.88
0.55
-1.67
0.87
-1.59
-1.39
-0.86
-0.88
-0.98
-1.86
-0.53
-1.66
-0.30
-0.53
-0.53
0.40
-0.53
-0.53
0.13
-0.53
-1.73
-0.53
-1.12
-1.04
-2.38
-2.27
-1.34
-0.53
-0.53
-1.04
-0.53
-2.70
-0.60
-0.64
0.12
-0.53
-1.03
1.37
-0.80
-0.66
-0.53
-0.53
-0.53
0.55
-1.04
-0.69
-1.04
-0.43
0.82
-1.96
1.10
1.32
3.04
1.41
1.35
1.75
0.67
0.63
3.12
8.14
1.32
1.07
0.96
1.32
0.57
2.31
1.32
1.32
1.96
1.32
1.32
1.12
-1.44
1.32
0.20
0.77
1.62
3.82
5.50
1.54
0.19
1.38
1.46
-0.61
-1.26
2.51
0.13
-0.86
-0.66
0.13
-4.64
-2.11
-0.66
-1.24
-2.50
-6.60
-3.61
-2.59
-1.45
-1.12
-0.66
-1.40
-1.26
-1.16
0.14
0.72
1.54
-1.34
-1.59
-1.56
-0.66
-1.32
-1.01
-1.11
-0.72
-1.22
-0.66
-2.02
-1.57
-0.66
-2.81
-0.77
-0.66
-0.66
-0.66
-0.62
-0.96
-0.66
-0.90
-2.59
-1.09
-0.66
-0.66
-0.66
-1.62
-0.66
-1.32
-2.85
-0.19
-0.66
-0.41
-0.90
-1.32
-0.66
-0.66
-0.69
-6.67
-0.66
-0.86
-0.66
-0.71
-0.66
-1.09
1.06
-1.78
-0.68
-0.66
-0.66
-0.66
-0.66
-0.66
-1.73
-0.66
-2.18
-0.66
-0.66
-0.66
-0.68
-1.00
-0.93
-0.66
-0.66
-2.65
-2.65
-2.40
-2.11
-2.65
-1.63
-2.87
-0.82
-0.31
-0.92
-1.38
-0.59
1.45
-0.04
-5.90
-1.04
-7.52
-0.79
-1.51
-1.35
-0.53
-0.27
-0.53
-1.75
-0.53
-0.53
-0.53
-0.93
0.86
-0.92
-0.21
-0.36
-0.72
-1.30
-1.63
-0.56
-0.57
1.33
-0.99
-2.32
-0.34
-1.29
-1.62
-1.18
-0.75
-1.66
-0.53
-0.27
0.31
0.03
0.46
-1.17
-0.53
-0.53
-0.92
-0.92
0.75
-5.57
-0.67
-0.54
0.05
-1.12
-1.09
-0.60
-0.39
-0.23
-0.79
-0.52
-1.65
-0.28
1.72
-0.31
-1.06
-0.53
1.14
-0.53
-0.66
-0.82
-0.53
-0.53
-1.38
-0.53
-0.53
-0.92
0.43
-0.23
-0.69
-0.73
0.03
0.66
-3.81
0.17
0.50
0.50
-0.36
0.33
-0.23
0.33
1.33
0.33
0.17
0.33
-1.76
1.57
0.95
-0.31
-0.82
-0.17
0.02
0.06
-0.30
-0.07
0.17
0.60
5.56
0.86
0.17
-0.86
-0.70
1.37
0.04
-3.21
0.17
0.17
-0.53
0.66
-0.40
0.30
1.79
3.99
-1.33
-0.46
0.17
-0.98
2.11
-1.21
-0.75
-0.47
0.53
0.14
3.51
1.50
0.17
0.17
-0.07
0.35
0.71
4.41
-1.57
0.11
-0.04
-0.25
-0.62
-1.22
-2.39
-0.14
0.06
0.47
-2.41
-0.70
0.17
0.33
0.74
-0.97
0.17
0.95
0.91
-1.42
-0.30
2.84
-1.27
-2.01
-1.44
1.11
-0.03
0.19
0.17
0.32
0.17
0.13
0.63
0.17
1.39
0.17
2.52
0.17
0.23
0.51
-0.49
0.35
0.69
1.22
0.17
0.32
1.68
0.17
0.17
2.60
1.38
-2.35
0.53
0.48
0.63
1.52
0.39
0.06
1.25
0.06
-0.73
0.53
0.33
-1.52
0.06
0.84
0.74
1.52
-0.07
-1.44
0.56
-1.13
0.17
-0.09
0.36
0.66
0.31
0.30
0.03
0.17
-0.01
0.14
0.28
0.66
1.14
1.26
-1.44
-0.02
-1.67
0.17
-0.76
-0.91
2.55
-1.09
0.78
1.36
-0.26
0.17
-0.43
0.02
-2.28
0.17
0.71
-1.18
0.04
0.24
-1.15
-0.38
-0.33
1.61
0.27
0.96
0.63
0.27
0.96
0.44
-0.91
0.44
0.64
0.88
0.88
0.88
-0.38
0.84
1.74
1.58
0.20
4.73
0.80
2.24
0.56
0.98
0.64
0.78
0.64
0.57
2.11
0.44
0.79
0.94
1.93
0.30
0.99
2.16
3.55
0.44
-0.01
0.44
0.10
-0.22
-2.09
-0.54
-0.29
-1.10
-0.05
-1.37
-0.57
-5.13
-6.07
-4.56
-1.51
-0.38
0.53
-0.59
-0.19
-0.88
-1.88
-0.74
-2.03
-0.33
-0.58
-1.78
-0.16
-1.37
-0.38
-2.97
-0.42
-1.50
-0.53
-0.29
-0.86
-1.63
-0.29
-0.65
0.07
-0.29
-1.08
0.14
-0.03
-0.61
-0.54
-0.20
-1.88
-0.29
1.10
-0.56
-1.98
-0.61
-1.28
-0.59
0.34
-0.09
-0.56
-0.75
-1.46
-1.65
-0.95
-2.68
-0.46
0.56
-0.29
-0.88
-0.29
-0.45
-1.43
-0.30
-0.29
-0.12
-0.49
0.06
-1.11
-1.39
-0.63
1.37
-0.59
-0.29
-0.07
-0.54
-0.80
-0.68
-0.29
-0.29
-0.06
0.00
-3.54
-0.29
-2.07
-0.59
-0.37
-0.29
-0.49
-0.51
-0.88
-0.29
-0.29
-0.66
-1.79
-0.30
-3.44
-0.13
-3.31
1.97
-0.29
-1.45
3.13
-0.66
-0.29
-0.56
-0.76
-0.29
-0.59
-0.29
-0.96
-0.29
0.17
-0.74
-0.86
-2.56
-0.29
-0.29
-0.51
-0.95
-0.19
-0.88
-0.29
0.20
-0.29
-1.48
-0.29
-0.29
-0.29
-0.29
-1.79
-0.51
-0.29
-0.29
-1.61
-0.29
-0.49
-0.31
-0.29
-0.29
-0.29
-0.81
-0.34
-0.29
-0.42
-0.29
1.20
0.00
-0.29
-0.40
-1.44
-0.96
-1.15
-0.96
-1.59
-1.59
-1.15
-1.79
-1.16
-0.44
-0.07
-0.47
0.12
-0.76
-0.44
-1.14
-0.49
-0.38
-0.73
-1.51
-0.59
-0.13
-1.76
-0.11
-0.44
-0.44
-0.98
-1.75
-0.55
-0.84
-0.44
-0.44
0.56
-0.76
-1.00
-0.53
-0.53
-0.69
-0.30
-0.44
-2.43
-0.44
-2.65
-3.11
1.64
-0.40
-1.59
-2.56
-1.06
-2.26
-2.07
-0.66
-2.38
-0.94
-0.53
-1.62
-0.53
-0.53
-2.62
1.25
-1.59
-0.53
-0.53
-0.44
-0.15
-2.54
-0.26
0.18
0.73
0.23
-0.53
-1.23
-0.39
0.51
-0.91
-0.53
-1.62
-0.53
-0.40
-0.51
-0.80
-0.53
-2.22
-0.53
-0.53
-0.26
-0.88
-0.53
-1.21
0.75
-0.39
0.86
-2.68
-2.27
-0.88
-1.15
-0.54
-1.51
-0.88
-2.03
-1.92
-1.79
-2.76
-1.12
3.27
-0.88
-0.43
-0.88
1.58
0.00
0.37
1.22
1.15
1.13
0.80
1.79
3.44
1.20
-0.66
2.74
-0.08
-1.90
-0.67
0.47
0.66
0.44
0.93
0.87
2.44
-0.37
0.69
1.44
2.21
10.64
-0.28
0.48
0.42
0.24
2.03
0.08
0.00
13.87
2.13
1.13
-1.86
-1.12
-0.54
-0.08
0.24
1.06
-0.35
-0.12
0.19
0.27
-2.29
0.40
1.19
0.69
0.96
0.24
0.24
0.24
2.77
0.82
2.41
0.24
0.31
1.25
1.05
0.52
1.70
5.25
0.70
0.22
0.59
0.13
0.44
-1.53
2.37
0.24
0.24
0.48
1.36
0.34
0.24
0.44
0.77
-1.17
0.24
0.24
1.63
0.28
0.10
0.44
6.65
0.24
0.77
0.24
-0.15
-0.36
0.24
0.00
0.42
1.03
-1.97
0.24
0.07
0.87
1.79
0.22
0.24
-0.51
-1.04
-0.08
0.08
0.24
-2.70
1.24
0.24
1.34
0.65
0.82
-0.24
1.01
-1.42
0.02
0.71
0.24
-0.55
1.10
0.42
-0.23
1.62
4.62
-0.61
0.89
1.77
0.66
0.66
1.73
0.66
0.66
0.66
0.05
1.48
0.66
0.81
-1.49
0.66
1.94
0.38
2.07
-0.08
0.85
1.49
-0.46
1.75
-1.02
0.37
0.35
1.32
0.66
0.66
-0.12
0.66
0.69
3.26
4.76
-1.32
-1.32
-1.99
-2.19
-0.66
-0.90
-0.60
-1.68
-0.86
-0.54
-0.41
-1.99
-0.47
0.34
-0.66
-1.34
-0.86
-4.14
-0.83
-1.53
-0.84
-0.63
-2.29
-0.10
-0.76
-0.68
-0.66
-2.38
-1.17
-0.23
1.90
1.33
1.57
0.27
2.14
0.43
-0.87
0.66
-0.89
1.13
2.75
1.61
0.54
2.23
0.66
3.03
0.92
1.61
0.25
0.66
0.94
0.97
0.74
-0.81
1.54
0.66
1.75
0.66
0.86
0.60
-0.23
0.38
2.87
2.65
1.70
0.45
-0.29
0.00
-0.46
0.48
0.24
0.49
-0.35
-0.91
-0.07
-0.03
0.90
0.03
0.74
0.66
3.17
0.03
0.66
0.66
-3.14
-0.27
-1.80
0.19
0.75
-1.30
-0.12
-1.10
-0.12
-0.01
2.65
1.32
-0.53
1.30
0.82
0.66
0.57
0.66
2.76
2.03
-0.16
1.40
0.67
0.33
0.33
0.33
0.95
1.20
1.66
2.03
-0.17
-0.46
-0.19
0.33
2.65
0.48
0.96
0.66
0.00
0.17
-1.10
-0.01
-3.07
-1.59
-0.44
-1.68
-0.22
-1.30
-2.39
-1.15
-0.55
-0.77
-0.44
-2.53
-0.85
-0.44
-1.20
-0.72
-0.67
-0.58
-0.22
-0.22
-3.00
-0.41
-0.27
-0.47
-0.29
-0.22
-1.92
-0.22
2.24
-0.44
-0.81
-0.22
-0.66
-2.26
-0.44
0.38
-0.62
-0.27
-0.31
0.21
-1.32
-0.61
-0.32
-0.05
-1.50
-0.82
-0.22
-0.42
-0.93
-0.55
-0.22
-0.22
-0.22
-1.66
-0.20
-0.22
-0.22
-0.30
-0.45
-2.15
-4.17
-2.19
-0.47
-3.49
-1.91
-0.44
2.50
-0.88
-1.15
-2.29
-0.51
-0.82
-0.52
-1.43
-0.80
-1.41
-0.22
-0.22
-2.44
-0.22
-0.18
-0.22
-0.22
-0.03
-1.89
-1.62
-0.22
-0.58
-0.22
0.02
-0.22
-6.42
-2.62
-0.22
-0.27
-0.22
0.15
-0.22
-0.22
-0.41
-0.42
-0.15
0.28
-0.71
-1.02
-1.03
-0.32
-2.56
-0.22
-0.61
-1.32
-0.22
-0.42
-0.22
-2.10
-0.22
-0.22
-0.22
-0.34
-0.60
0.22
-0.34
-0.37
-0.08
-0.65
-0.22
-0.87
-0.63
-1.02
0.75
-0.80
-0.61
-2.02
-0.40
-0.22
-0.22
-0.62
-0.48
-0.77
-0.22
-0.77
-2.04
-0.22
-0.22
0.02
1.06
0.86
-0.22
-1.31
-0.40
-0.22
-0.24
-0.22
-0.22
-0.22
-0.22
-0.22
-0.22
-0.22
-0.22
-2.90
-1.16
-0.50
-2.13
-0.48
0.29
-0.86
-0.27
-0.33
0.62
-0.17
-0.33
-0.17
-0.17
-1.86
-1.15
-0.17
-1.30
-0.31
-1.15
-0.17
-0.46
-1.05
-0.17
0.52
-0.09
-0.47
-0.93
4.64
-0.12
-0.17
-0.17
-0.75
-0.35
-1.01
-0.17
-0.35
0.51
-1.12
-0.33
0.48
-0.55
-0.17
-0.17
-1.49
-0.17
0.25
0.32
-0.17
-0.17
0.06
-0.27
-0.24
0.08
0.45
-0.17
-0.33
-0.17
0.78
-0.14
-0.30
-0.42
-1.30
-0.83
-0.69
-0.17
-1.57
-1.30
-0.17
-3.08
0.11
-0.60
-0.56
-0.51
-0.60
0.09
1.94
-0.53
-1.68
-0.27
-0.17
-0.17
1.06
0.14
-1.09
-0.17
1.45
-1.72
-0.62
-0.43
0.72
-0.98
-0.42
-2.65
-1.59
-2.43
-1.96
-0.79
-0.53
-0.53
-2.12
-1.31
-0.79
-0.26
-1.03
-0.44
-0.26
-1.19
-0.53
-0.34
0.23
-0.26
-0.13
-0.36
-0.26
-0.26
-0.75
-0.68
-0.26
-0.97
-0.52
-0.53
-0.37
-1.97
-0.75
-0.75
-0.65
-0.26
-1.99
0.30
-0.07
0.12
-0.25
0.69
-0.26
0.30
-1.77
-1.20
-0.61
-0.26
-0.05
-0.58
-0.43
-0.28
-0.53
-0.79
-0.97
-0.53
-0.49
-0.53
-0.56
-0.26
-0.26
-0.74
-0.52
-0.26
-0.26
-0.69
-0.53
-0.34
-0.26
-0.26
-0.82
-0.26
-0.26
-0.26
-2.53
0.52
0.07
-0.84
-0.41
-0.26
-0.26
0.58
-0.32
-0.04
-0.63
-0.26
-0.26
-0.26
-0.28
-0.26
-0.26
-0.26
-0.33
-0.26
-0.89
-0.46
-0.67
-0.52
-0.26
-0.26
-0.84
-0.26
-1.14
-0.44
-0.44
-1.47
-1.34
-0.55
-0.44
-0.44
-0.59
-0.44
-0.44
-0.44
-0.44
-0.44
-0.88
-0.95
-1.09
-0.44
-0.44
-1.22
-0.44
-0.44
-0.79
-0.99
-0.44
0.60
-1.88
-0.44
-0.70
-0.35
4.53
-0.44
0.65
-0.44
-0.44
-1.15
-0.47
-0.41
-1.51
-1.66
-2.26
-0.60
-1.40
-0.89
-0.45
-2.37
-0.38
-1.86
-0.76
-3.40
-0.38
-1.48
-1.36
-0.38
-0.81
1.01
-0.38
-0.38
-0.38
-1.52
-0.34
-0.46
-0.95
0.02
-1.14
-0.83
-0.16
-0.38
-0.07
-3.83
-0.38
-1.40
-0.38
-0.49
0.08
-1.29
-1.06
-0.38
-0.95
0.18
1.05
0.03
0.03
-0.54
-0.20
1.57
-0.05
0.06
0.48
0.18
-0.34
1.33
0.18
-0.42
0.18
0.35
1.55
0.18
0.01
0.40
0.18
3.19
-0.72
0.36
7.25
2.96
5.34
2.70
2.04
2.92
-0.16
1.34
0.33
-0.37
-0.03
0.80
0.36
0.18
0.04
2.72
0.76
0.18
1.56
1.73
-1.37
0.06
0.10
-0.42
0.29
0.27
0.57
-2.87
-0.27
0.18
-0.82
0.43
0.04
0.18
0.18
-0.91
0.18
-0.31
-0.43
0.05
-0.31
0.35
0.18
0.61
0.64
1.99
2.65
0.99
0.85
0.63
0.83
0.06
0.92
0.09
0.78
0.66
0.66
0.66
1.46
0.66
0.90
1.55
0.77
-0.14
1.32
-0.37
0.66
0.12
-0.36
0.12
0.27
0.66
1.43
1.06
0.38
0.15
1.66
0.96
1.32
1.32
0.56
0.69
1.77
0.88
0.88
-0.11
0.44
0.99
1.77
1.77
-0.53
0.82
0.07
0.47
0.44
0.44
0.77
2.21
0.44
0.44
0.05
0.44
0.44
0.61
1.15
0.44
0.17
0.26
0.65
-1.58
1.32
-1.85
0.26
-0.15
-0.40
1.10
1.39
0.05
-1.91
0.02
0.44
0.57
0.26
1.27
-0.20
1.59
1.04
2.12
2.01
0.42
0.08
1.78
0.53
1.06
0.65
0.75
0.53
0.53
0.53
0.86
0.23
0.53
0.53
0.53
0.53
2.12
3.92
1.65
0.53
-0.12
1.06
0.53
2.07
0.92
0.53
0.03
1.48
0.51
0.95
1.27
-0.54
-1.07
0.53
0.53
0.53
0.33
0.54
0.13
0.53
0.69
0.60
3.70
1.53
4.52
0.09
0.34
2.86
0.33
0.33
0.53
0.53
-1.49
0.38
0.53
-0.12
0.60
0.53
1.69
0.72
1.06
0.09
0.53
0.53
0.22
0.53
0.89
0.53
-0.35
0.13
-1.99
-0.33
-0.86
-0.33
-0.33
-0.33
-0.62
-0.33
-0.99
1.77
1.30
-0.98
-0.33
-0.33
-0.33
-0.33
0.05
-1.31
-0.33
-0.90
-0.33
-1.32
-1.50
-1.18
-0.33
-0.60
-0.33
-1.44
-0.62
-1.76
-0.66
-0.33
-1.11
-0.28
-0.46
-0.33
-1.08
-3.10
-0.40
-0.88
-0.44
-4.37
-0.43
0.72
-0.71
-0.59
-2.52
-2.65
-3.48
-1.32
-3.19
-1.52
-0.44
-0.87
-0.87
-2.30
-0.59
-1.02
-0.28
-0.44
-1.97
-0.59
-0.57
-1.08
-0.88
-2.90
-0.44
0.07
0.98
0.67
-0.44
-0.49
-0.88
-0.54
-0.44
-1.09
-0.12
-1.24
-0.44
-0.77
-0.44
-0.59
-0.50
-2.26
-0.58
-1.38
-0.47
-1.47
-0.44
-2.99
-1.66
-0.44
-0.60
-0.82
-1.55
-0.44
-0.44
-1.29
-0.49
-0.80
-1.34
-0.46
0.08
1.00
-0.44
-0.44
-2.57
-0.44
-0.44
-0.44
-0.44
3.59
0.96
-0.48
-2.39
-0.84
-1.59
-2.12
-1.25
-0.62
-0.53
-1.12
-2.57
-0.53
-0.53
-0.26
-0.53
-2.17
-0.53
-0.53
-0.79
-0.74
-0.26
-0.53
-0.75
-0.37
-0.53
-0.51
-0.53
-0.44
-0.26
-0.26
-0.44
-0.61
-0.26
-1.22
-0.69
-0.26
-0.26
-0.26
-0.75
-0.66
-0.26
-0.26
-0.26
-0.16
0.38
-0.42
-0.56
-0.26
-0.82
-0.59
-0.37
-0.86
-0.26
-0.36
-0.44
-0.33
-0.56
-1.15
-0.26
-1.08
-1.38
-0.56
-0.90
-0.04
-0.76
-0.54
-0.26
-0.26
-0.26
-0.26
-0.19
-1.38
-0.37
-0.53
-0.26
-0.62
-1.85
-3.62
-1.59
-1.07
-0.26
-0.58
-0.26
-0.46
-0.26
-0.56
-0.41
-0.26
-0.28
-0.60
0.47
-0.52
3.21
-2.05
-0.37
-0.42
-0.53
0.35
-0.33
-1.39
-0.76
-0.76
-0.67
-0.38
-0.38
-1.83
-1.76
-0.57
-1.39
-0.46
-0.38
-0.38
-0.38
-0.38
-0.44
-0.14
0.94
-0.99
-0.38
-0.38
-1.03
-0.13
-0.29
-0.77
-1.90
-0.46
-0.48
-0.31
-0.44
-0.29
-0.15
-0.15
-0.96
-0.70
-0.06
-1.88
-0.60
-2.01
0.73
-0.15
0.10
0.06
-0.42
-0.15
-0.28
-0.70
-0.15
0.06
-0.82
0.03
-1.15
-0.15
-0.15
-0.27
-0.29
-0.71
-0.57
-0.55
-0.55
-0.53
-0.91
-0.25
-0.15
0.10
-0.15
-0.15
-0.15
-0.46
-0.15
0.03
0.26
0.12
-0.15
-0.51
-0.45
-0.15
-0.15
0.53
-0.15
-2.17
-0.24
-0.45
-0.96
-0.94
-0.72
-0.48
-0.50
0.76
0.42
-0.32
-0.48
-2.51
-0.24
-0.24
-0.48
-0.30
-0.48
-3.54
-0.24
-0.24
-0.24
-0.09
-0.74
-0.82
-0.09
-0.24
-0.24
-0.24
0.17
-1.02
-1.36
-0.24
0.06
-0.24
-0.48
-0.48
-0.48
-0.24
-0.24
0.35
-0.20
-0.24
-0.24
-0.24
-0.03
-0.30
-0.24
-0.24
-0.24
1.82
-0.50
-0.24
-0.48
0.12
-2.72
-0.24
-0.81
0.50
-0.48
-0.28
-0.24
-0.24
-0.59
-0.24
-0.42
-0.24
-0.24
-1.36
-0.31
-1.53
-0.24
-0.24
-0.24
-0.24
-0.65
-1.32
-1.92
-0.02
-0.24
-0.24
-0.24
-0.24
-1.39
-0.32
-0.24
-0.67
-0.50
-0.24
-0.24
-0.24
-0.24
-0.76
-0.24
-0.24
-0.24
-0.82
0.37
0.65
0.80
1.58
-0.14
0.22
0.22
1.11
0.11
-0.19
0.03
1.75
0.22
0.22
0.93
0.22
0.44
-0.38
0.22
0.40
2.56
0.22
0.19
0.11
0.66
0.78
-0.19
0.22
0.22
0.22
1.00
0.22
0.40
1.38
2.86
-1.73
-0.14
-0.14
0.52
0.29
2.21
-0.16
0.22
0.22
0.22
0.22
1.22
0.71
0.08
-0.92
0.22
0.71
4.49
2.65
0.32
1.69
0.37
0.46
0.17
0.16
0.24
1.38
0.24
0.24
0.22
0.93
-0.67
0.24
0.59
0.96
0.24
0.24
-0.05
0.24
0.06
0.11
-1.16
-0.27
0.24
0.59
-0.20
-0.83
0.44
1.36
-0.12
0.24
0.24
0.44
1.23
0.70
0.72
2.06
0.24
0.24
0.27
0.53
-0.75
-0.40
0.48
0.42
1.01
0.69
0.29
-0.48
3.44
0.24
0.66
1.10
1.09
0.67
0.24
0.24
0.24
0.80
0.16
0.24
0.24
0.10
-2.65
-1.19
-0.48
-0.45
0.83
-0.67
-0.24
-0.24
-1.55
-0.78
-1.42
-0.34
-1.01
-1.86
-0.39
-0.21
-0.24
0.33
-0.24
0.79
1.33
-0.24
-0.77
-0.63
-0.43
-0.24
-0.20
-0.24
-0.98
-0.98
-0.96
0.33
-0.24
1.85
0.71
1.21
-0.24
-0.84
-0.24
-0.31
-1.11
-0.59
-0.60
-0.24
0.55
-0.24
-0.24
-0.24
-0.44
-0.24
-0.48
-0.64
-0.24
-2.65
-1.36
-1.20
-1.69
-3.52
-1.32
-1.69
-1.42
-1.32
-1.26
-1.32
-1.60
-1.32
-0.94
-1.32
-1.75
-1.32
-2.89
-2.37
-0.86
-0.99
-1.50
2.01
0.38
0.76
0.46
0.77
1.31
0.38
0.76
0.46
-0.27
0.38
-0.32
0.38
0.66
0.38
0.38
1.51
3.32
0.79
1.10
-0.77
0.38
0.60
0.93
0.38
0.38
0.38
0.48
0.38
0.38
0.49
0.16
0.38
-0.83
0.38
0.66
0.44
0.98
-1.23
3.41
0.94
0.44
0.84
-0.44
0.22
0.22
1.48
-0.28
0.67
0.51
1.83
0.44
1.47
0.88
1.29
0.22
0.86
-0.57
-0.53
1.25
0.37
0.44
3.60
1.17
0.22
-0.20
0.22
0.25
-0.31
-1.26
0.44
0.22
-0.10
0.22
0.22
0.22
0.18
-0.61
2.18
0.22
0.35
0.22
0.22
0.22
-0.71
0.22
0.22
0.08
-0.62
0.10
0.22
0.22
0.41
-0.57
0.22
0.22
-1.91
0.22
1.37
0.44
0.14
0.22
0.77
1.55
0.65
1.51
0.39
0.44
-0.25
0.44
-0.39
0.22
0.22
-1.62
-0.73
1.50
-0.63
1.18
0.22
0.40
0.22
0.84
0.22
0.01
-0.20
0.33
-0.47
1.10
0.88
0.07
-1.02
0.42
-0.19
0.12
0.84
0.24
0.44
0.66
0.44
0.22
-0.47
0.22
-1.34
1.65
-0.11
-0.01
0.22
0.22
-0.10
0.22
0.09
0.22
0.44
0.34
-0.37
1.11
0.32
-0.25
0.22
0.22
1.03
0.22
0.22
0.22
0.22
0.37
0.22
0.22
0.50
0.22
0.55
0.06
-0.82
-0.62
-0.25
0.77
0.22
0.22
0.22
0.22
0.22
0.22
0.22
0.44
0.22
2.03
0.22
0.22
-0.14
0.42
0.42
0.22
0.46
-0.10
0.11
0.99
0.61
0.61
0.60
1.72
1.02
-0.50
-0.21
0.61
-0.00
0.76
0.86
1.43
0.20
0.81
0.39
3.12
0.82
1.74
0.20
-0.08
1.48
-0.03
0.61
0.20
-0.35
-0.57
0.20
2.50
0.52
0.53
1.06
1.06
0.51
0.53
0.53
0.53
0.16
0.30
0.42
0.13
1.06
1.21
0.53
2.07
0.53
0.69
-0.15
1.42
0.39
0.53
0.10
0.13
0.53
0.53
0.75
0.26
0.15
0.97
0.53
0.86
0.53
0.13
0.34
0.53
0.52
0.53
0.13
-0.15
-0.75
-0.70
-0.70
-0.21
0.20
0.20
1.12
0.41
-0.75
-1.20
-0.19
0.20
0.10
0.02
0.30
-0.34
0.20
0.20
0.41
0.20
0.20
0.20
-0.59
0.20
0.20
0.20
0.76
-0.32
0.20
0.20
-0.12
0.13
0.41
-0.42
0.20
0.51
1.71
0.13
0.13
1.31
0.28
0.20
0.20
0.20
0.44
0.20
0.20
-1.05
-0.40
0.20
-0.15
-0.21
0.41
-1.07
0.20
0.10
-0.74
-1.22
0.20
1.78
1.10
0.53
0.13
0.11
0.28
0.53
0.92
0.53
0.61
1.14
0.53
1.04
0.53
0.53
0.53
0.53
-0.31
0.33
0.33
0.53
0.53
0.36
3.62
-1.95
0.38
-0.61
1.59
0.53
1.06
0.86
4.68
0.72
0.53
0.53
0.53
1.06
0.44
0.79
0.93
1.48
0.53
0.53
0.34
0.67
0.74
0.73
0.53
0.53
1.87
0.53
0.92
1.41
0.82
1.45
-0.30
0.53
2.61
-0.49
0.74
0.53
1.54
1.61
0.53
1.35
0.33
0.53
1.07
0.53
0.43
0.53
0.33
-0.26
-1.56
2.03
0.41
-0.53
0.20
0.41
0.34
-0.30
0.20
0.65
-0.50
0.20
0.20
-0.52
0.20
0.20
3.54
0.33
0.17
0.20
0.20
0.20
-1.08
1.12
0.20
-0.14
0.81
0.60
-0.57
0.20
0.20
0.39
0.55
-0.22
-0.08
0.09
0.20
0.20
0.20
0.44
1.38
0.69
0.44
1.49
-1.06
0.44
0.44
1.77
0.44
0.44
-0.80
0.44
1.59
0.30
0.44
0.64
0.72
0.44
0.84
0.84
-0.08
-0.19
0.01
-0.17
0.44
0.44
0.22
0.59
0.44
0.44
0.44
0.44
1.77
1.06
1.77
1.68
0.88
1.19
0.88
1.77
0.88
0.88
0.88
0.88
0.88
0.98
-2.11
1.01
1.79
1.56
0.89
0.88
0.96
0.11
-0.12
0.99
0.12
0.32
0.66
0.18
-0.69
-0.04
0.33
0.33
0.33
0.99
1.32
-0.83
-1.03
0.14
0.57
0.33
-0.06
-0.18
0.33
0.33
0.33
0.66
-0.27
0.00
0.33
0.33
0.99
0.47
-0.03
-0.04
0.33
0.33
0.62
0.28
0.33
0.60
0.33
-0.34
0.33
-0.50
0.31
0.15
0.81
0.31
0.31
0.34
-0.35
0.13
2.19
3.91
0.47
0.60
0.16
-1.05
-0.03
0.16
0.03
0.16
-1.35
0.45
0.16
-0.33
0.31
-0.13
-0.02
0.68
-1.71
0.08
0.16
2.01
2.49
5.72
-0.33
0.16
2.45
0.16
0.16
-0.88
2.73
-0.80
0.53
0.80
0.53
0.53
0.30
0.70
0.61
0.53
1.34
0.46
1.31
2.40
-1.16
0.53
0.32
0.16
-0.97
-0.38
0.53
0.25
0.28
0.53
-2.02
-0.13
-0.77
-5.09
-2.48
-0.38
-1.51
-1.21
-0.25
-1.72
-0.76
-0.25
-0.25
-0.38
-1.58
-0.25
-0.50
-0.38
-0.38
-0.25
-0.84
-0.74
-1.56
-1.26
-0.40
-0.69
-0.34
-0.70
-0.38
-0.13
-0.74
-0.25
-0.43
-0.82
0.13
-1.00
-0.50
-0.13
-2.40
-0.13
-0.54
-0.27
-0.25
-0.13
-1.01
0.42
1.04
-0.38
-0.13
-0.13
-0.02
-0.13
-0.13
-0.60
-0.25
-0.25
-0.39
-0.13
-0.13
-0.13
-0.44
-0.13
-0.13
-0.88
-0.13
-0.13
-0.13
-0.13
-0.24
-0.44
-0.46
-0.13
-0.61
-0.88
-0.29
-0.38
-0.13
-0.13
-0.13
0.10
-2.57
-0.13
-0.13
-0.13
-0.25
-0.25
0.19
-0.13
-0.13
-0.31
-0.13
-0.25
-0.13
-0.44
-0.13
-0.13
-2.14
-0.13
-0.13
-0.13
-0.13
-0.13
-0.13
-0.13
-0.79
0.05
-0.13
-0.56
-0.13
-0.13
-0.62
-0.16
-0.13
-0.13
-0.74
-0.69
-0.13
-0.44
-0.13
-0.13
-0.13
0.82
-0.37
-0.38
-0.25
-0.38
-0.13
-0.57
-0.25
-0.38
-0.13
-0.73
-0.95
-0.50
-0.44
-0.53
-0.49
-0.13
-0.25
0.08
-0.13
-0.13
-2.44
-0.13
0.58
-0.13
-1.42
-0.13
0.30
-0.16
-0.21
-0.38
-0.13
-0.99
-0.13
-0.32
-0.13
-0.13
-0.13
-0.49
-0.19
-0.13
-1.20
-0.13
-0.32
-0.13
-0.88
-0.13
-0.13
-0.69
-0.13
0.40
-0.34
-0.44
-0.13
-0.13
-5.44
-0.13
-0.55
-0.29
-0.40
-0.63
-0.25
-0.32
-1.08
-0.13
-0.20
-0.13
-0.13
-0.13
-0.13
-0.13
-0.21
-0.13
-0.69
-0.13
-0.13
-0.20
-0.13
-0.13
-0.64
-0.13
-0.13
-0.13
-0.13
-0.55
-1.49
-0.90
0.34
-0.13
-0.27
-0.56
-0.35
0.12
-0.13
-0.13
-0.13
-0.13
-0.13
-0.25
-0.88
-3.13
-0.81
-0.13
-0.13
0.04
-0.53
-0.27
-0.66
-0.50
-1.32
-1.20
-0.62
-0.33
-0.17
-0.56
-0.92
0.32
-0.50
-1.08
-0.17
-1.49
0.19
-0.75
-0.17
-1.77
-0.17
-0.17
-0.17
-0.32
-0.01
-0.17
-0.17
-0.33
-0.47
-0.35
-0.37
-0.17
-0.17
-0.43
-0.04
-0.17
-0.17
-0.17
-0.17
-0.17
-1.01
-0.50
-2.59
0.02
-1.44
-1.06
-0.33
-0.46
-0.41
-0.17
-0.25
-0.71
0.36
-0.89
-0.20
-1.34
-1.04
-0.43
-0.68
-0.47
-0.17
-1.71
0.02
-0.17
-0.66
-0.56
-0.66
-0.64
-0.17
-0.51
-0.17
-0.17
-0.65
-1.13
-2.01
-1.27
-0.27
-2.08
-0.37
1.59
-0.17
-0.53
-0.78
-0.17
-0.17
-0.17
-0.17
-1.13
-0.17
-0.17
-0.17
0.03
-0.17
-0.17
-0.17
-0.17
-0.17
-0.33
-0.17
-0.33
-1.45
-0.40
-0.43
-0.72
-0.17
-0.90
-0.47
-0.54
-0.17
-0.17
-0.38
-0.17
-0.66
-0.29
-0.91
-0.17
-0.17
-1.20
-0.31
-0.17
-0.50
-0.97
-0.17
-0.17
-0.17
-0.17
-0.30
-0.67
-0.17
-0.33
-0.77
-0.17
-0.17
-0.17
-0.17
-0.17
-0.17
-0.17
-0.17
-0.48
-0.17
-0.56
0.02
-0.17
0.56
-0.88
-0.17
-0.17
-0.17
0.09
-0.17
-0.27
-0.29
-0.53
-0.17
0.46
-1.15
-0.17
-0.17
0.03
-0.17
-0.17
-0.85
-0.17
-0.98
-0.17
-0.29
-0.17
-1.06
-1.06
-2.65
-1.06
-0.53
-0.53
-0.53
-0.65
-1.02
-0.53
-0.53
-0.53
-0.53
-0.53
-0.53
-0.53
-2.46
-0.79
-0.53
-0.53
-0.53
-0.57
-0.53
-0.53
-0.53
-0.57
-0.58
-0.53
-0.53
-0.53
-0.53
-0.53
-0.53
-0.53
-2.21
-1.06
-0.53
-0.53
-0.53
-0.53
-1.25
-0.53
-1.06
-1.04
-0.53
-0.53
-0.53
-0.79
-0.57
-0.72
-0.58
-0.51
-0.55
-0.53
-0.53
-0.53
-0.53
-0.53
-0.53
-1.23
-0.53
-0.73
-0.53
-0.53
-0.53
-0.53
-0.53
-0.53
-2.99
-0.53
-0.53
-2.27
-1.51
-2.74
-0.38
-0.38
-1.79
-0.04
-1.14
-1.67
-1.89
-1.56
-1.10
-0.80
1.15
-0.38
-0.71
-0.76
-0.66
0.13
-0.80
-0.38
-4.03
-0.38
-0.38
-0.38
-0.18
-0.38
-1.44
2.04
-0.38
-1.03
-1.10
-0.58
-0.40
-0.38
-1.52
-0.47
-0.38
-1.84
-0.38
-0.38
-0.43
-0.38
-0.66
-0.38
-2.25
-1.61
-0.38
-0.57
0.47
0.16
0.16
-2.56
-3.34
-0.66
-0.38
0.16
0.16
0.46
0.16
0.16
0.16
0.31
0.16
0.16
0.16
1.31
0.16
0.37
-0.15
0.76
0.16
-0.18
0.16
0.16
0.16
-0.26
0.16
-0.04
0.16
0.31
0.16
-0.09
0.16
-0.15
0.16
0.16
0.16
-0.22
-0.37
0.30
-0.18
0.16
0.65
-0.03
2.47
0.16
2.78
1.61
-0.12
0.16
-0.56
-0.12
0.16
0.95
-0.00
-0.07
0.31
0.16
0.16
-0.37
-0.88
-1.58
-0.27
-0.44
-0.44
-1.54
-0.44
-0.44
-0.70
-0.90
-0.44
-1.77
-0.44
-0.44
-0.44
-0.49
-0.44
-0.44
-0.29
-2.24
-0.44
-0.23
-0.53
-1.54
-0.44
-1.54
-0.44
-1.56
-0.44
-0.44
-0.73
-0.13
-0.44
-0.44
-0.44
-1.15
-0.44
-0.44
-0.44
-1.54
-0.88
-0.68
-0.46
-0.44
-1.17
-0.44
-0.44
-0.46
-0.53
-0.47
-0.84
-0.13
-0.44
-0.44
-0.17
-2.10
-0.44
-0.44
-2.65
-1.48
-3.38
-0.12
-1.15
-0.66
-3.42
-1.32
-1.15
-0.66
-0.66
-0.66
-0.66
-2.03
-2.45
-1.67
-0.70
-0.66
-0.66
-0.66
-0.66
-0.66
-0.75
-0.66
-7.15
-2.65
-1.84
-1.77
-1.77
-0.88
-0.88
-1.77
-0.88
-1.70
-1.54
-1.91
-1.82
-0.87
-0.88
-0.88
-1.20
-0.88
-0.88
-4.01
-1.66
-1.99
-2.65
-1.80
-0.33
-0.66
-0.33
-0.66
-0.66
-0.42
-0.46
-0.12
-0.33
-2.30
-0.33
-0.33
-0.99
-0.33
-0.33
-0.33
-1.66
-0.68
-0.80
-0.33
-1.67
-0.69
-0.33
-0.66
0.07
-0.33
-0.33
-0.33
-0.52
-0.94
-0.43
-0.33
-0.33
-0.33
-0.33
-0.33
-0.33
-0.67
-0.33
-0.08
-0.33
-0.35
-0.71
-0.62
-0.48
-0.33
-0.76
-0.54
-0.58
-2.65
-2.65
-0.66
-1.32
-1.15
-1.32
-3.51
-0.66
-0.66
-0.66
-0.66
0.30
-0.81
-0.66
-0.66
-0.66
-2.36
-0.66
-0.86
-0.66
-0.86
-0.66
-0.65
-1.32
-1.32
-0.66
-0.74
-0.66
-0.41
-0.66
-0.31
-0.50
-0.83
-2.84
-0.66
-0.66
-0.66
-0.72
-0.58
-0.66
-1.30
-0.99
-2.69
-1.56
-1.05
-0.33
-1.61
-0.66
-0.54
-3.09
-0.66
-0.33
-1.85
-0.33
-1.99
-0.33
-0.65
-0.58
-0.75
-0.62
-1.70
-0.95
-1.22
-0.62
-1.08
-1.31
-1.06
-0.33
-0.66
-0.82
-0.33
-0.33
-0.33
-0.33
-0.77
-1.44
-0.48
1.42
-0.48
-0.72
-0.72
-0.24
-1.17
-0.72
-0.25
-0.75
-0.48
-0.96
-0.67
-0.72
-0.24
-0.24
-0.72
-0.24
-0.30
-0.44
-0.29
-0.24
-0.57
-0.24
-0.24
-0.29
-0.24
-0.24
-0.11
-0.54
-0.29
-0.24
-0.24
-0.42
-0.48
-1.44
-0.24
-0.24
-0.24
-0.24
-0.48
-0.63
-0.71
-0.24
-0.24
-0.24
-0.24
-0.48
-0.24
-0.24
-0.48
0.56
-0.98
-0.41
-0.67
-0.48
-0.48
-0.19
-0.24
-0.24
-0.24
-0.24
-0.24
-0.29
-1.47
-0.24
-0.20
-0.24
-0.18
-0.24
-0.24
-0.24
-0.24
-0.24
-0.24
-0.48
-0.24
-0.24
-0.24
-0.24
-0.24
-0.24
-0.24
-0.39
0.38
0.22
-0.16
0.28
0.38
0.38
0.38
1.85
0.04
0.43
0.38
2.20
-0.44
-2.26
0.38
0.38
0.54
0.38
0.38
-0.50
-0.72
-0.34
-0.44
-0.48
-0.48
-0.24
-0.24
-0.12
-0.12
-0.12
-0.65
-0.12
-0.02
-0.12
-0.12
-0.12
-0.12
-0.12
-0.89
-0.24
-0.36
-0.48
-0.72
-0.12
-0.12
-0.43
-0.12
-0.12
-0.12
-0.12
0.03
-0.12
-0.40
-0.12
-0.30
-0.36
-0.12
-0.31
-0.12
-0.12
-0.12
-0.12
-0.00
-0.12
-0.67
-0.73
-0.44
-0.12
-0.30
-3.14
-0.12
-0.12
-0.24
-0.31
-0.36
-0.12
-0.12
-1.50
-0.12
-0.12
-0.12
-1.22
-0.92
-0.36
-0.26
-1.24
-0.31
-0.24
-0.24
-0.16
-0.12
-0.03
2.20
-0.31
-2.17
-0.78
-0.19
-0.12
-0.29
-0.12
-0.87
-0.12
-0.12
-0.12
-0.43
-0.12
-0.12
-0.12
-0.16
-0.12
-0.23
-0.21
-0.33
-0.12
-0.30
-0.36
-0.12
-0.12
-0.21
-0.12
-0.12
-1.06
-1.66
-0.86
-0.66
-0.33
-0.37
-0.33
-0.63
0.24
-0.66
-0.33
-0.33
-0.33
-0.33
-0.33
-0.64
-0.33
-0.70
-0.66
-0.33
-0.33
-0.45
-0.16
-0.50
2.65
1.37
0.11
1.06
0.26
1.06
0.26
0.13
1.06
0.02
0.26
0.53
0.26
1.13
1.06
0.49
-0.54
1.46
0.26
1.87
-0.54
0.26
0.26
0.26
0.69
0.26
0.26
0.26
0.11
-0.43
0.10
0.26
1.23
0.26
0.26
0.26
0.26
0.15
0.26
0.53
0.44
0.26
-0.15
0.26
0.00
0.15
0.26
0.13
-0.06
0.26
0.26
0.26
0.26
0.68
0.07
0.38
-0.10
-0.42
0.10
-1.16
-0.73
-0.18
-0.18
-0.30
-0.18
-0.55
-0.19
-0.18
-0.21
-0.18
-0.18
-0.26
-0.30
-0.09
-0.02
-0.09
0.37
-0.40
-0.09
-0.16
-0.69
-0.43
0.50
-0.09
-0.09
-0.66
-0.09
-0.09
-0.09
0.33
-0.09
-0.09
-0.95
-0.09
-1.41
-0.09
-0.18
-1.39
-0.17
-0.16
-0.37
0.39
0.11
-0.09
-0.64
-0.55
-0.29
-0.09
-0.26
-0.33
-0.31
-0.09
-0.53
-0.09
-0.18
-0.65
-2.55
-0.09
-0.09
-0.09
-0.09
0.88
0.13
-0.09
0.18
-0.09
-0.09
0.00
-0.09
-0.18
-0.87
-0.09
0.00
-0.09
-0.09
-0.18
-0.09
-0.09
-0.09
-0.09
-0.09
-0.66
-0.08
-0.09
0.02
-0.49
-0.18
-0.09
-0.33
-0.27
-0.08
-0.09
-0.18
-0.09
-0.18
-0.09
-0.09
-0.09
0.34
-0.09
-0.09
-0.09
0.98
-0.13
0.58
-0.09
-0.18
-0.09
-0.56
-0.09
-0.09
0.72
0.24
0.24
-0.19
0.48
3.14
0.24
0.24
0.24
0.78
0.24
0.24
0.91
0.47
0.07
0.24
-0.49
0.03
0.08
0.24
0.24
0.24
-0.53
0.24
-2.59
0.24
-0.39
0.08
0.09
0.24
0.24
-0.50
-0.59
0.24
0.08
0.24
-1.22
0.24
0.24
-0.90
-0.82
-0.88
-0.93
-1.55
-0.44
-0.44
-0.25
-0.44
-0.44
-0.88
-0.44
-1.54
-0.55
-0.44
-0.88
-0.44
-0.44
-0.71
0.94
-0.44
-0.44
-0.44
-0.44
-0.44
-0.43
-0.44
-1.15
-0.44
-0.44
-1.41
-0.77
-0.88
-0.44
-0.56
-0.65
-0.59
-0.44
-0.59
-0.55
-0.89
-0.44
-0.47
-0.44
-0.44
-0.44
-0.44
-1.05
-0.44
-0.03
-0.84
0.32
-0.19
-0.96
-0.34
0.06
-0.48
-0.24
-0.12
0.04
-1.11
-0.36
-0.12
-0.24
-0.12
-0.12
0.94
-0.12
-0.12
-0.42
-0.12
1.37
-0.12
-0.31
-0.87
-0.24
-0.12
-0.36
-0.12
-0.62
-0.12
-0.87
-0.92
-0.36
1.10
-0.12
-0.12
-0.36
-0.24
-0.12
-0.12
-0.12
-0.12
-0.16
1.64
-0.12
-1.26
-0.12
-1.18
-0.57
-0.12
-1.15
-1.26
-0.12
-0.12
-0.12
-0.12
-0.66
-0.12
-0.12
-0.12
-0.54
-0.12
-0.60
-0.12
-0.12
-0.12
-0.78
-0.12
-0.12
-0.12
-0.24
-0.12
-0.12
-0.12
0.12
-0.12
-0.12
-1.26
-0.22
-0.12
-0.12
-0.12
-0.12
-0.46
-0.39
-0.12
-0.25
-0.59
-0.12
0.23
-0.12
-0.21
-0.12
0.08
0.66
-0.12
-0.16
-0.33
-0.24
-0.12
-0.24
-0.12
-0.12
-0.12
-0.12
-0.48
-0.12
-0.12
-0.35
-0.12
-0.12
-0.24
-0.12
-0.97
-0.12
-0.12
-0.48
-0.12
-0.12
-0.12
-0.16
-0.12
-0.12
0.25
-0.12
-0.26
-0.23
-0.12
-0.16
-0.87
0.13
-0.03
-0.12
0.15
-0.12
0.37
-0.75
-0.24
-0.24
-0.12
-0.78
-0.12
-0.12
-0.12
-0.12
0.67
-0.04
-0.24
-0.12
-0.49
-0.94
-2.65
-0.71
0.04
-0.36
-0.24
-0.24
-0.60
-0.60
-0.36
-0.76
-0.01
0.22
-0.83
-1.32
-0.90
-0.48
-0.60
-0.12
-0.37
-0.12
-0.03
-0.12
-0.12
-0.24
-0.55
-0.12
-0.29
-0.33
-0.12
-0.12
-0.47
-0.12
-0.12
-0.12
-0.12
-0.12
0.36
-0.10
-0.12
-0.24
-0.12
-0.24
-0.12
-0.12
-0.12
-0.12
-0.12
-0.12
-0.43
0.13
-0.12
-0.12
0.05
-0.37
-0.12
-0.24
-0.12
-0.12
-0.00
-0.20
1.06
-0.12
0.22
-1.26
-0.12
-0.12
0.10
0.15
-0.41
-1.59
-0.36
-0.36
0.31
-1.26
-0.12
-0.12
-0.24
-1.98
-0.23
-0.12
0.13
-0.12
-0.12
-0.12
-0.12
-0.25
-0.60
-0.25
-0.25
-0.13
-0.25
-0.25
-0.64
-0.38
-0.25
-0.25
-0.25
-0.50
-0.13
-0.38
-0.76
-0.38
-0.38
-0.38
-0.50
-0.76
-0.25
-0.79
-0.45
-0.13
-0.13
-2.41
-0.59
-0.13
-0.25
-0.25
-0.13
-0.13
-0.13
-0.13
-0.13
-0.25
-0.13
0.71
-0.25
0.93
-0.25
-0.22
-0.13
0.22
-0.13
-1.37
-0.13
-0.02
-0.13
-0.13
-0.13
0.21
-0.13
-0.13
-0.13
-0.13
-0.13
-0.13
-0.13
-0.13
-0.13
-0.13
-0.13
-0.13
-0.13
-0.13
-0.13
-0.13
-0.13
-0.54
-1.15
-0.44
-0.13
-0.13
-0.30
-0.41
-0.25
-0.13
-0.19
-0.13
-0.13
-0.13
-0.13
-0.13
-0.13
-0.13
-0.13
-0.29
-0.44
-0.42
-0.59
-0.13
-0.42
-1.03
-2.95
-0.96
-1.99
-1.73
-0.66
-0.66
-0.66
-0.66
-0.66
0.70
-2.72
-0.06
-1.61
-0.88
-0.88
-0.87
-2.65
-0.44
-0.59
-0.44
-0.54
-0.29
-0.88
-0.74
0.91
-0.15
-0.64
-0.33
-0.15
-0.15
-0.15
-0.15
-0.15
-0.29
-0.15
-1.33
-0.29
0.20
-0.15
-0.15
-0.59
-0.53
-0.42
-0.15
-0.15
-0.15
-0.38
2.01
-0.15
-0.15
-0.15
-0.15
-0.15
-0.15
-0.38
-1.42
-0.38
-1.51
-0.38
-0.38
-0.10
-0.38
-1.14
-0.38
-0.92
-0.45
-1.23
-0.76
-0.38
-0.38
-0.38
-0.76
-0.54
-2.20
-0.38
-2.65
-1.14
-1.48
-0.38
-0.38
-0.76
-0.38
-0.38
-0.76
-0.38
-0.38
-0.38
-1.60
-0.81
-0.90
-0.38
-0.38
-0.38
-0.63
-0.38
-0.38
-0.76
-0.38
-1.14
-0.38
-0.38
-1.23
-0.38
-0.38
-0.38
-0.71
-0.38
-0.38
-0.45
-0.38
-0.38
-0.38
-0.38
-0.38
-0.66
-0.83
-0.81
-3.45
-1.06
-0.50
-0.34
-0.66
-0.75
-0.33
-0.33
-0.33
-1.01
0.00
-0.33
-0.89
-0.26
-0.45
-0.62
-0.86
-0.33
-0.33
-0.33
-0.50
-0.33
0.07
-0.17
-0.17
-0.17
-0.64
-0.48
-0.53
-0.17
-0.17
-0.17
-0.17
-0.57
-0.31
-0.31
-0.33
-0.17
-0.17
-0.17
-0.17
0.24
-0.22
-0.17
-0.52
-0.17
-0.17
-0.17
-0.17
-0.47
-0.17
-1.30
-0.17
-0.17
-0.33
-0.31
-0.43
-0.17
-0.17
-0.23
0.31
-0.17
-0.17
-0.17
-0.20
-0.33
-0.60
-0.17
-0.17
-0.43
-0.17
-0.17
-1.30
0.51
-0.17
-0.33
0.09
-0.40
-0.17
-0.17
0.31
-0.17
-0.17
-0.17
-0.17
-0.73
-0.17
0.14
-0.17
-0.17
-0.17
-0.17
-0.17
0.07
-0.17
-0.17
-1.04
-0.36
-0.27
-0.17
-0.17
-0.17
-0.17
-0.17
0.32
-0.33
-0.17
-0.50
-0.17
-0.17
-0.41
0.32
0.94
-0.53
-0.17
-0.17
-0.17
-0.09
-0.17
-0.54
-0.17
-0.17
-0.17
-0.17
-0.17
-0.17
-0.17
-0.17
-0.79
-0.17
-0.17
-0.47
-1.09
-0.19
-0.93
-1.32
-0.61
-0.19
-0.63
-0.19
-0.85
-0.46
-0.38
-1.60
-0.15
-0.88
-0.19
-0.19
-0.54
-0.76
-0.37
-0.26
-0.19
-0.57
0.05
-0.09
-0.09
-0.09
-0.56
-0.09
-0.34
-0.09
-0.51
-0.09
-0.16
-0.09
-0.09
-0.21
-0.09
-0.35
0.07
-0.09
-0.19
-0.23
-0.31
-0.09
-0.87
-0.29
-0.09
-0.34
-0.09
-0.37
-0.67
-0.19
-0.09
-0.09
0.38
-0.09
0.09
-0.09
-0.46
-0.57
-0.23
-0.09
-0.09
-0.09
-0.19
0.13
-0.09
-0.09
-0.09
-0.09
-0.09
-0.19
-0.19
-0.19
-0.19
-0.09
-0.36
-0.09
-0.25
-0.09
-0.09
-0.49
-0.09
-0.59
-0.09
0.15
0.62
-0.57
-0.09
-0.09
-0.09
-0.09
-0.09
-0.09
-1.75
-0.19
-0.09
-0.28
-0.28
-0.23
-0.09
-0.09
-0.28
-0.36
-0.09
-0.01
-0.09
-0.19
-0.09
-0.29
-0.09
-0.09
-0.09
-0.23
-0.16
-0.17
-0.09
0.15
-0.41
-0.09
-0.09
-0.09
-0.28
-0.09
-0.09
-0.09
-0.09
-0.09
0.15
-0.09
-0.09
-0.09
-0.29
-0.19
-0.17
-0.09
-0.09
-0.35
-0.09
-1.76
-0.09
-0.78
-1.91
-0.18
-0.18
-0.18
-0.46
-0.18
-0.27
-0.18
-0.19
-0.27
-0.18
-0.18
-0.55
-0.18
-0.37
0.63
-0.18
-0.49
-0.18
0.68
-0.18
-0.18
-0.09
0.15
0.38
0.10
-0.09
-0.09
-0.18
-0.09
-0.57
-0.18
-0.66
-1.44
-0.09
-0.09
-0.09
-0.41
-0.09
-0.13
-0.37
-0.13
-0.09
-0.30
-0.14
-0.09
0.37
-0.09
0.15
2.09
-0.09
0.09
-0.09
-0.09
-0.24
-0.09
-0.56
-1.02
-0.09
-0.25
-0.09
-0.09
-0.09
-0.09
-0.18
-0.09
-0.09
-0.09
-0.09
-0.09
-0.27
-0.09
-0.09
-0.09
-0.37
-0.09
-0.09
-0.09
-0.09
-0.13
-0.09
-0.09
-0.09
-0.45
-0.18
-0.09
-0.09
-0.18
-1.16
-0.18
-0.09
-0.18
-0.09
-0.09
-0.09
-0.18
-0.09
-0.09
-0.09
-0.09
-0.09
-0.09
-0.09
-1.00
-0.09
-0.09
-0.09
-0.09
2.82
0.18
-0.09
-0.37
-0.09
-0.09
-0.21
-0.18
-0.09
-0.49
-0.09
-0.09
-0.09
-0.26
-0.21
-0.09
-0.09
-0.09
-0.46
-0.06
-0.09
-0.09
-0.09
-0.09
-0.29
-0.09
-0.20
-0.09
0.38
-0.09
-0.26
-0.09
-0.09
-0.09
-0.09
-0.09
-0.09
-0.09
-0.09
-0.09
-0.09
-0.09
-0.09
-0.96
-0.41
0.38
-0.09
0.13
-0.09
-0.09
-0.18
-0.09
-0.09
-0.18
-0.09
-0.09
-0.09
-0.09
-0.09
-0.09
-0.09
0.09
-0.26
-0.09
-0.18
-0.09
-0.09
-0.09
-0.09
-0.09
-0.09
-0.09
-2.21
-0.44
-1.20
-0.88
-1.32
-0.88
-1.32
-0.44
-2.27
-0.44
-0.44
-0.88
-1.32
-1.77
-1.77
-0.44
-0.44
-0.44
-0.44
-0.77
-0.44
-0.44
-0.44
-1.32
-1.32
-1.49
-1.32
-0.44
-0.44
-0.88
-0.44
-0.44
-0.44
-0.44
-0.44
-0.44
-0.44
-0.44
-0.44
-0.44
-0.44
-0.44
-0.44
-0.44
-0.44
-0.44
-0.44
-0.44
-0.44
-1.54
-0.80
-0.59
-1.18
-0.59
-1.18
-0.88
-0.88
-1.48
-1.18
-0.29
-0.29
-0.29
-1.98
-0.29
-0.29
-1.24
-0.29
-1.02
-0.29
-0.29
-0.88
-1.91
-0.29
-0.29
-0.29
-0.23
-0.29
-0.29
0.30
-0.29
-0.29
-1.77
-0.88
-0.88
-1.69
-0.88
-0.88
-1.06
-0.88
-1.69
-2.65
-1.49
-0.88
-1.77
-1.77
-2.03
-0.88
-1.28
-0.88
-0.88
-0.88
-0.88
-0.88
-0.44
-0.29
-0.44
-1.34
-0.29
-0.43
1.13
-0.29
-0.83
-0.29
-0.29
-0.29
-0.29
-0.29
-0.29
-0.29
-0.59
-0.44
-0.29
-0.22
-0.29
-0.29
-0.29
-0.29
-0.15
-0.57
-0.18
-0.29
-0.31
-0.18
-0.15
-0.15
-0.70
-0.73
-0.48
-0.15
-0.15
-0.15
-0.15
-1.47
-0.68
-0.38
-0.44
-0.22
-0.15
-0.15
-0.15
-0.25
-0.15
-1.09
-1.30
-0.90
-0.15
-0.15
-0.15
-0.15
-0.05
-0.15
-0.61
-0.15
-0.29
-0.15
-0.15
-0.15
-0.15
-0.15
-0.15
-0.15
-0.15
-0.15
-0.15
-0.15
-0.15
-0.15
0.33
0.20
-0.15
-0.15
-0.51
-0.15
-0.22
-0.29
-0.15
-0.15
-0.29
-0.15
-0.15
-0.15
-0.23
-0.15
-0.15
-0.15
-0.15
0.03
-0.36
-0.15
-0.90
-0.15
-0.15
-0.15
-0.15
-0.15
-0.15
-0.15
-0.15
-0.15
-0.15
0.10
-0.15
-0.15
-0.38
-0.83
-0.15
-1.28
0.03
-0.32
-0.15
-0.15
-0.15
-0.15
-0.74
-0.15
-0.46
-0.15
-0.55
-1.11
-0.15
-0.15
-0.18
-0.15
-0.15
-0.15
-0.15
-2.40
-0.88
-0.88
-0.88
-1.61
-0.88
-1.77
-1.23
-1.23
-1.47
-1.77
-0.88
-0.59
-0.59
-0.20
-0.84
-0.88
-0.29
-0.49
-0.29
-0.49
-0.59
-0.29
-0.29
-0.95
-0.29
-0.59
-0.31
-0.05
-1.79
-0.29
-0.29
-0.29
-0.59
-0.29
-0.29
-0.29
-0.29
-0.29
-0.29
-0.29
-0.29
-0.29
-0.29
-0.29
-0.29
-1.71
-2.65
-0.53
-0.53
-0.26
-2.38
-0.52
0.03
-0.75
-0.26
-0.69
-0.26
-0.26
-0.98
-0.79
0.16
0.34
-0.26
-0.53
-0.28
-0.46
-0.26
0.10
-0.26
-0.53
-0.36
-0.26
-0.53
-0.26
-0.53
-0.52
-0.26
-0.26
-0.26
-0.56
-0.52
-0.26
-0.26
-0.53
-0.26
-0.69
-0.26
-0.26
-0.36
-0.75
-0.26
-0.86
-0.26
-1.13
-0.71
-0.26
-0.26
-0.26
-0.26
-0.37
-0.26
2.12
0.89
0.53
0.53
0.53
0.08
0.23
0.53
1.69
0.53
0.53
0.53
0.65
1.43
0.35
0.53
0.53
0.53
0.53
0.53
0.53
1.06
0.53
0.53
0.53
0.53
0.53
0.53
0.53
0.53
0.53
1.69
1.98
0.55
4.51
0.53
0.92
0.88
0.88
0.67
0.53
2.85
0.53
1.04
0.37
0.67
0.67
0.53
1.69
0.97
1.23
0.86
1.34
1.06
0.69
0.53
0.53
0.53
0.22
0.83
0.29
0.88
0.29
0.42
1.17
0.29
0.58
0.29
0.29
0.29
1.35
0.29
-0.13
0.68
0.29
0.59
0.54
0.83
0.29
0.29
0.29
0.34
0.29
2.23
0.43
0.22
1.02
0.22
0.22
0.22
0.44
0.22
0.22
0.48
0.22
0.22
1.18
0.29
0.29
0.29
0.54
0.29
1.74
0.29
2.96
0.72
0.59
0.05
0.82
0.64
0.29
0.29
0.29
0.59
0.95
-0.48
-0.96
-0.48
-0.48
-0.48
-0.48
-1.56
-0.48
-0.48
-0.48
-1.61
-0.48
-0.48
-0.48
-0.75
-0.72
-0.72
-0.48
-0.72
-0.35
-0.48
-0.48
-0.24
-0.24
-0.24
0.02
-0.24
-0.24
-0.24
-0.24
-0.24
-0.24
-0.24
-0.24
-0.48
-0.24
-0.72
-0.24
-0.24
-0.24
-0.45
-0.37
-0.24
-0.24
-0.24
-0.24
-0.24
-0.57
-0.98
-0.24
-0.24
-0.98
-0.24
-0.67
-0.46
-0.24
-0.47
-0.48
-0.72
-0.24
-0.24
-0.24
-0.24
-0.24
-0.24
-0.24
-0.24
-0.24
-0.34
-0.37
-0.24
-0.79
-0.24
-0.98
-0.24
-0.24
-0.24
-0.78
-0.24
-0.24
-0.34
-0.24
-0.82
-0.31
0.56
-0.24
-0.24
-0.95
-0.24
-0.24
-0.24
-0.24
-0.54
-0.63
-1.12
-0.51
-0.28
-0.53
-0.83
-0.28
-0.42
-0.42
-0.28
-0.85
-0.70
-0.70
-1.25
-0.14
-0.24
-0.14
-0.14
-0.42
-0.14
-1.27
-0.14
-0.14
-0.14
0.14
-0.14
-0.30
-0.14
-0.14
-0.14
-0.42
-0.14
-0.14
-0.14
-0.41
-0.42
-0.35
-0.14
-0.24
-0.14
-0.27
-0.14
0.53
-0.14
-0.14
-0.14
-0.14
-0.14
-0.14
-0.30
-0.14
-0.14
-0.67
-0.14
-0.14
-0.14
-0.14
-0.17
-0.37
-0.45
-0.14
-0.31
-0.28
-0.14
-0.14
-0.24
-0.14
-0.14
-0.14
-0.35
-0.14
-0.28
-0.24
-0.14
-0.14
-2.49
-0.14
-0.14
-0.14
-0.14
-0.35
-0.27
-0.14
-0.14
-0.35
-0.14
-0.14
-0.14
-0.14
-0.14
-0.14
-0.14
-0.14
-0.14
-0.45
-0.14
-0.14
-0.14
-0.14
-0.21
-0.28
-0.14
-0.15
-0.14
-0.14
-0.14
-0.14
-0.14
-0.27
-0.27
-0.14
-1.23
-0.35
0.79
1.06
-0.12
0.79
1.39
0.53
0.53
1.06
0.26
0.79
1.48
0.26
0.26
1.06
0.26
-0.05
0.26
0.26
0.26
0.39
-0.30
0.26
1.48
1.06
0.26
-0.92
0.26
0.26
0.26
0.26
0.26
0.26
0.26
1.00
0.26
1.06
0.26
0.26
0.26
0.26
0.26
0.26
0.03
0.26
0.01
0.26
0.26
-1.04
0.26
0.04
0.26
0.79
0.79
0.26
0.26
0.14
0.56
0.26
0.26
-0.03
0.76
0.76
0.76
0.33
0.38
0.38
1.12
0.38
0.38
1.20
-1.04
0.12
0.66
0.38
0.76
0.38
0.38
1.19
0.38
0.16
0.62
-0.16
0.68
1.03
1.77
0.88
0.88
0.88
1.69
0.44
0.44
0.44
0.44
2.65
1.51
0.64
-0.77
0.44
0.44
0.22
0.44
0.44
0.54
0.58
0.17
0.44
0.44
0.44
0.44
0.44
0.44
0.44
-2.65
-2.65
-0.88
-0.88
-0.88
-0.88
-0.88
-0.88
-0.88
-1.14
-0.88
-0.93
-0.88
-1.00
-0.88
-0.88
-0.88
-0.88
-0.88
-2.65
-0.88
-1.77
-1.77
-0.60
-0.88
-0.88
-0.88
-0.88
-0.88
-0.88
-0.88
-0.24
-0.18
-0.06
-2.51
-1.53
-0.12
-0.29
-0.06
-0.58
-0.12
-0.12
-0.29
-0.12
-0.12
-0.12
-0.12
-0.12
-0.12
-0.12
-0.12
-0.12
-0.12
-0.12
-0.33
-0.12
-0.06
-0.06
-0.06
-0.06
-0.06
-0.54
-0.06
-0.06
-0.06
-0.06
-0.24
-0.06
-0.06
-0.23
-0.06
-0.06
-0.06
-0.06
-0.06
-0.06
-0.06
-0.06
-0.06
-0.06
-0.06
-0.06
-0.20
-0.06
-0.06
-0.38
-0.06
-0.06
-0.06
-0.06
-0.06
-0.16
-0.06
0.16
-0.12
-0.06
-0.06
-0.06
-0.06
-0.06
-0.06
-0.06
-0.06
-0.06
-0.06
-0.06
-0.82
-0.06
-0.06
-0.06
-0.06
-0.38
-0.06
-0.06
-0.06
-0.06
-0.06
-0.06
-0.23
-0.06
-0.06
-0.06
-0.14
-0.06
-0.06
-0.06
-0.06
-0.06
-0.06
-0.06
-0.06
-0.06
-0.06
-0.34
-0.28
-0.22
0.14
-0.06
-0.06
-0.06
-0.74
-0.06
-0.34
-0.06
-0.06
-0.06
-0.12
-0.06
-0.06
-0.61
-0.06
-0.06
-0.06
-0.06
-0.06
-0.06
-0.06
-0.06
-0.06
-0.06
-0.06
-0.06
-0.06
-0.06
-0.06
-0.06
-0.06
-0.40
-0.06
-0.20
-0.06
-0.06
-0.06
-0.06
-0.06
-0.06
0.10
-0.06
-0.06
-0.06
-0.06
-0.06
-0.06
-0.06
-0.32
-0.06
-0.06
-0.06
-0.06
-0.06
-0.35
-0.12
-0.06
-0.06
-0.06
-0.18
-0.06
-0.38
-0.06
-0.06
-0.06
-0.34
-0.06
-0.06
-0.06
-0.06
-0.17
-0.06
-0.06
-0.06
0.18
-0.06
-0.06
-0.06
-0.18
-0.06
-0.06
-0.12
-0.06
-0.06
-0.06
-0.06
-0.06
-0.06
-0.12
-0.06
-0.34
-0.06
-0.12
-0.06
-0.06
-0.31
-0.06
-0.06
-0.71
-0.06
-0.06
-0.06
-0.06
-0.06
0.31
-0.06
-0.06
-0.06
-0.16
-0.06
-0.06
-0.06
-0.06
-0.06
-0.06
-0.06
-0.06
-0.06
-0.32
-0.19
-0.24
-0.24
-0.48
-0.24
-0.24
-0.24
-0.12
-0.48
-0.12
-0.12
-0.12
-0.34
-0.50
-0.12
-0.60
-0.12
-0.12
-0.12
-0.39
-0.12
-0.12
0.69
-0.12
-0.12
-0.12
-0.12
-0.12
-0.12
-0.12
-0.12
-0.12
-0.12
-0.12
-0.12
-0.12
-0.12
-0.12
-0.24
-0.12
-0.12
-0.12
0.18
-0.12
0.18
-0.12
-0.12
-0.12
-0.12
0.09
-0.12
-1.64
-0.12
-0.24
-0.19
-0.12
-0.24
-0.22
-0.24
-0.12
-0.24
-0.28
-0.12
0.06
-0.12
-0.12
-0.12
-0.12
-0.12
-0.12
-0.12
-0.12
-0.12
-0.19
-0.12
-0.12
-0.12
-0.12
-0.12
-0.12
-0.12
-0.12
-0.12
-0.24
-0.24
-0.24
-0.12
-0.43
-0.12
0.27
-0.20
0.31
-0.20
-0.62
-0.46
-1.22
-0.20
-0.31
0.31
-1.02
-0.20
-0.41
-0.20
-0.41
-0.71
-0.41
-0.20
-0.20
-0.20
-0.31
-0.71
-0.20
-0.20
-0.20
-0.20
-0.20
-0.20
0.35
-0.51
-0.20
-0.20
-0.47
-0.10
-0.10
-0.10
-0.10
-0.34
-0.10
-0.10
-0.10
-0.10
-0.10
-0.10
-0.20
-0.20
-0.10
-0.10
-0.10
0.69
-0.10
-0.10
-0.10
-0.10
-0.10
-0.20
-0.10
-0.10
0.20
-0.10
-0.51
-0.41
-0.51
-0.31
-0.42
-0.10
-0.10
-0.20
-0.10
0.10
-0.10
-0.10
-0.10
-0.31
-0.10
-0.10
-0.10
-0.10
-0.20
0.20
-0.10
-0.20
-0.10
-0.10
-0.10
-0.22
-0.10
-0.10
-0.10
-0.10
-0.23
-0.20
-0.10
-0.10
-0.10
-0.10
-0.66
-0.31
-0.20
-0.10
-0.10
-0.42
0.20
0.97
-0.10
-0.10
-0.10
-0.10
-0.10
-0.10
-0.10
-0.10
-0.10
-0.10
-0.10
-0.10
-0.10
-0.10
-0.10
-0.10
-0.10
-0.10
-0.58
-0.10
-0.10
-0.10
-0.38
-0.27
-0.10
-0.10
-0.38
-0.38
-0.38
-0.38
-0.12
-0.38
-0.38
-0.38
-0.95
-0.38
-1.43
-0.38
-1.26
-1.33
-0.19
-0.29
-0.19
-0.19
-0.19
-0.19
-0.19
-0.19
-0.19
-0.19
-0.19
-0.19
-0.19
-0.19
-0.19
-0.19
-0.19
-0.19
-0.19
-0.19
-0.19
-0.19
-0.19
-0.19
-0.19
-0.56
-0.38
-0.51
-0.19
-0.19
-0.19
-0.19
0.16
-0.19
-0.19
-0.74
-0.44
-0.19
-0.36
-0.19
-1.33
-0.19
-0.19
-0.38
-0.33
-0.19
-0.74
-0.88
-0.57
-0.19
-0.19
-0.19
-0.38
-0.19
-0.19
-0.19
-0.19
-0.19
-0.19
-0.19
-0.19
-0.19
0.03
-0.19
-0.19
0.12
-0.19
-0.49
-0.71
2.49
1.28
0.88
3.14
1.40
0.88
-0.66
-1.51
-1.40
-1.66
-0.66
-0.66
-0.66
-0.33
-0.33
-0.26
-0.33
-0.33
-0.33
-0.33
-0.33
-0.66
-0.33
-0.33
-0.66
-0.33
-0.66
-0.33
-0.66
-0.66
-0.33
-0.33
-0.33
-0.33
-0.33
-0.33
-0.33
-0.54
-0.33
-0.33
-0.52
-0.33
-0.33
-0.33
-0.33
-1.44
-0.33
-0.33
-0.33
-0.62
-0.33
-0.33
-0.33
-0.33
-0.33
-0.33
-0.33
-0.33
-0.33
-0.58
-0.26
-0.26
-0.26
-0.26
-0.53
-0.26
-0.26
-0.26
-0.13
-0.13
-0.13
-0.13
-0.13
-0.26
-0.13
-0.26
-0.26
-0.13
-0.40
-0.13
-0.13
-0.13
-0.13
-0.13
-0.13
-0.13
-0.13
-0.13
-0.13
-0.13
-0.26
-0.13
-0.13
-0.13
-0.13
-2.73
-0.26
0.27
-0.13
-0.13
-0.13
-0.13
-0.13
-0.13
-0.40
-0.13
-0.13
-0.13
-0.13
-1.27
-0.13
-1.24
-0.13
-0.26
-0.26
-0.35
-0.13
-0.13
-0.13
-0.13
-0.40
-0.13
-0.13
-0.13
-0.13
-0.26
-0.13
1.80
1.61
-0.28
-0.13
-0.44
-1.87
-0.13
-0.44
-0.13
-0.76
-0.38
-0.38
-0.38
-0.38
-0.38
-0.38
-0.38
-0.39
-0.19
-0.19
-0.31
-0.38
-0.55
0.07
-0.19
-0.19
-0.85
-0.19
-0.19
-0.19
-0.19
-0.19
-0.19
-0.19
-0.19
-0.19
-0.19
-0.19
-0.19
-0.19
-0.19
-0.19
-0.19
-0.19
-2.65
-0.66
-0.66
-1.92
-0.66
-0.66
-0.81
-0.66
-0.66
-0.66
-0.66
-0.66
-0.66
-0.66
-0.66
-0.66
-0.66
-0.66
-0.66
-0.16
-0.66
-0.66
-0.66
-1.31
-0.66
-1.32
-0.66
-1.32
-0.66
-0.41
-2.45
-0.41
-0.41
-0.41
-0.41
-0.41
-0.82
-0.61
-1.02
-2.65
-0.41
-0.20
-0.20
-0.20
-0.20
-0.20
-0.20
-0.20
-0.20
-0.20
-0.20
-0.20
-0.41
0.05
-0.20
-0.20
-0.58
-0.41
0.09
-0.41
-0.20
-0.20
-0.20
-0.20
-0.41
-0.20
-0.80
-0.20
-0.20
-0.41
-0.20
-0.20
-0.20
-0.20
-0.20
0.11
-0.20
-0.51
-0.20
-0.20
-0.20
0.03
-0.41
-0.20
-0.20
-0.20
-0.61
-0.20
-0.20
-0.20
-0.20
-0.51
-0.20
-0.20
-0.20
-0.20
-0.20
-0.20
-0.20
-0.20
-0.20
-0.50
-0.20
-0.20
-0.20
-0.20
0.03
-0.20
-0.20
-0.20
-0.20
-0.41
-0.20
-0.20
-0.20
-0.20
-0.20
-0.20
-0.20
-0.29
-0.05
-0.29
-0.44
-0.29
-0.29
-0.29
-0.38
-0.15
-0.15
-0.29
-0.15
-0.15
-0.15
-0.15
-0.15
-0.15
-0.15
-0.15
-0.15
-0.90
-0.15
-0.15
-0.15
-0.15
-0.15
-0.15
-0.15
-0.29
-0.15
-0.15
-0.15
-0.15
-0.15
0.44
-2.65
-0.66
-0.66
-0.66
-0.66
-2.16
-1.04
-0.66
-0.66
-0.66
-0.37
-0.66
-0.66
-0.66
-0.66
-1.77
-0.88
-1.29
-0.88
-1.77
-0.88
-0.88
-1.92
-0.88
-0.88
-0.88
-0.88
-0.88
-1.06
-2.30
-0.88
-1.77
-0.88
-0.88
-0.88
-0.88
-0.88
-1.32
-0.44
-0.44
-0.44
-0.44
-0.44
-0.44
-0.23
-0.44
-0.44
-0.44
-0.44
-0.44
-0.61
-0.44
-0.44
-0.44
-0.44
-0.44
-0.44
-0.44
-0.44
-0.44
-0.67
-0.44
-0.88
-0.44
-0.44
-0.44
-0.44
-0.44
-0.83
-0.48
-0.10
-1.09
-0.17
-0.50
0.27
-0.37
-0.17
-0.17
-0.17
-0.91
-0.17
-0.17
-0.17
-0.17
-0.17
-0.17
-0.17
-0.17
-0.17
-0.33
-0.17
-0.17
-0.17
-0.17
-0.17
-0.17
-0.17
-0.17
-0.17
-0.17
-0.33
-0.17
-0.17
-0.17
0.07
-0.17
-0.17
-0.34
-0.17
-0.17
-0.17
-0.17
-0.17
-0.17
-0.17
-0.17
0.07
-0.50
-0.17
-0.33
-0.33
-0.17
-0.76
-0.38
-0.12
-0.38
-0.38
-0.38
-1.14
-0.38
-0.38
-0.38
-0.38
-0.38
-0.38
-0.38
-0.38
-0.38
-0.38
0.67
-0.38
-0.38
-0.38
-0.53
-0.79
-0.53
0.23
-0.26
-0.26
-0.26
-0.26
-0.26
-0.26
-0.25
-0.53
-0.26
-0.26
-0.26
-0.26
-0.26
-0.26
-0.26
-0.26
-0.26
-0.26
-0.26
-0.26
-0.26
-0.42
-0.69
-0.53
-0.53
-0.26
-0.79
-0.26
-0.26
-0.26
-0.56
-0.26
-0.26
-0.26
-0.26
-0.26
-0.79
-1.96
-0.26
-0.26
-0.53
-0.26
-0.26
-0.26
-0.07
-0.26
-0.26
-0.26
-0.26
-0.26
-0.26
-0.26
-0.26
-0.26
-0.26
-0.26
-0.26
-0.26
-0.26
-0.26
-0.69
-1.06
-0.53
1.18
-0.53
-0.53
0.07
-0.53
-0.53
-0.53
-0.56
-0.31
-1.06
-0.53
-0.27
-0.53
-0.53
-2.07
-2.12
-0.53
-0.53
-0.79
-0.53
-0.23
-0.44
-2.65
-0.22
-0.44
-0.22
-0.22
-0.48
-0.22
-0.44
-0.22
-0.22
-0.22
-0.66
-1.17
-0.66
-0.44
0.02
-0.22
-0.22
-0.22
-0.22
-0.22
-0.44
-0.22
-0.22
-2.72
-0.22
-0.22
-0.22
-0.22
-0.48
-0.22
-0.22
-1.70
-0.22
-0.22
-0.22
-0.22
-0.22
-0.22
-0.22
-0.22
-0.22
-0.22
-0.22
-0.22
-0.22
-0.22
-0.22
-0.22
-0.22
-0.22
-0.22
-0.22
-0.22
-0.22
-0.22
-0.22
-0.22
-0.22
-0.22
-0.22
-0.22
-0.22
-0.22
-0.22
-0.22
-0.22
-0.22
-0.22
-0.44
-0.22
-0.22
-0.22
-0.22
-0.22
-0.22
-0.22
-0.22
-0.22
-0.22
-0.22
-0.22
0.53
0.53
1.60
0.69
1.06
-0.20
-0.66
-1.32
-2.02
-0.66
-0.33
-0.99
-0.33
-1.66
-0.33
-0.86
-0.62
-0.33
-0.33
-0.86
-0.33
-0.33
-0.33
-0.33
-0.62
-0.33
-0.66
-0.33
-0.33
-0.33
-0.33
0.29
-0.33
-1.40
-0.33
-2.92
-0.62
-1.14
-0.76
-0.76
-0.76
-0.38
-0.76
-0.38
-1.10
-0.38
-0.38
-0.38
-0.38
-0.38
-0.38
-0.38
-0.38
-0.38
-1.87
-0.38
-2.65
-1.77
-1.77
-1.86
-0.88
-0.88
-0.88
-0.88
-0.88
-0.88
-0.88
-0.88
-0.88
-0.88
-0.88
-0.88
-1.77
-1.10
-0.88
-0.88
-0.88
-1.34
-1.34
-1.34
-0.88
-0.88
-2.65
-0.88
-2.11
-1.77
-0.88
-0.88
-0.88
-0.88
-0.88
-0.88
-0.88
-0.88
-0.88
-1.10
-1.77
-1.10
-1.10
-1.10
-0.88
-0.88
-0.88
-0.88
-0.88
-1.77
-0.88
-0.88
-0.88
-0.88
-0.88
-1.77
-0.88
-0.88
-0.88
-2.32
-0.33
-0.66
-0.66
-1.32
-0.33
-0.33
-0.33
-0.33
-0.33
-0.33
-0.33
-0.33
-0.33
-0.66
-0.33
-0.33
-0.62
-0.42
-0.33
-0.66
-0.66
-0.66
-1.44
-0.33
-0.33
-0.33
-0.33
-0.33
-0.33
-0.33
-2.00
-0.88
-2.69
-1.77
-2.65
-1.92
-0.88
-0.88
-0.88
-0.88
-0.88
-0.48
-0.88
-0.88
-2.69
-0.88
-2.65
-0.88
-0.88
-0.88
-0.88
-0.88
-0.88
-0.88
-0.88
-1.10
-0.88
-1.13
-0.88
-0.88
-0.88
-0.88
-0.88
1.59
0.92
0.53
0.53
0.53
0.53
0.53
1.12
1.36
0.53
0.53
0.53
0.66
0.25
0.66
0.66
0.66
0.66
0.66
0.66
0.59
1.69
0.88
0.88
1.44
0.72
1.82
0.96
0.48
0.24
0.48
0.24
0.24
0.24
0.24
0.24
0.24
0.93
-1.11
0.24
0.24
0.24
0.24
0.24
0.24
0.24
0.24
1.28
0.24
0.24
0.68
0.24
-1.32
-0.66
-0.66
-0.66
-0.66
-0.66
-0.66
-0.66
-0.66
-0.66
-0.66
-0.66
-0.66
-0.66
-0.66
-0.66
-0.66
-0.66
-0.66
-0.66
-0.66
-0.66
-0.66
-0.66
-0.66
-0.66
-0.66
-0.66
-0.66
-0.66
-0.66
-0.66
-0.66
-0.66
-0.66
-0.66
-0.76
0.00
-0.38
-0.76
-0.38
0.09
-0.38
-0.76
-0.38
-0.38
-0.38
-0.38
-0.38
-0.38
-0.38
-0.38
-0.38
-0.38
-0.38
-0.10
-1.32
-2.59
-1.32
-1.32
-0.66
-0.66
-1.99
-1.32
-0.66
-0.66
-0.32
-0.66
-0.66
-0.66
-0.66
-0.66
-0.66
-0.66
-1.12
-0.66
-0.66
-0.66
-0.66
-0.66
-1.32
-0.66
-0.96
-0.66
-0.66
-0.66
-0.66
-0.66
-0.66
-0.66
-0.38
-0.66
-0.66
-0.66
-0.66
-0.66
-0.66
-0.66
-0.66
-0.66
-0.66
-0.66
-0.66
-0.66
-0.66
-0.66
-0.66
-0.66
-0.32
-0.66
-0.66
-0.66
-1.32
-0.66
-0.66
-0.66
-0.66
-0.66
-1.32
-0.66
-0.66
-0.66
-0.66
-0.90
-0.66
-0.66
-0.66
-0.66
-0.66
-0.66
-0.66
-0.66
-0.66
-0.66
-0.76
-0.76
-0.76
-2.25
-0.38
-0.38
-0.38
-0.79
-0.38
-0.76
-0.38
-0.38
-0.38
-0.38
-0.38
-0.38
-0.38
0.05
-0.38
-0.38
-0.38
-0.38
-0.38
-0.38
-0.38
-0.38
-0.38
-0.38
-0.38
-0.38
-0.38
-0.38
-0.44
-0.38
-0.38
-0.38
-0.38
-0.38
-0.38
-0.38
-0.38
-0.38
-0.38
-0.38
-0.38
-0.38
-0.38
-0.38
-0.38
-0.38
-0.38
-0.38
-0.38
-1.32
-0.33
-1.66
-0.33
-1.66
-1.66
-0.66
-0.33
-0.33
-0.33
-0.33
-0.66
-0.33
-0.33
-0.33
-0.33
-0.33
-0.33
-0.33
-0.33
-0.33
-0.33
-0.33
-0.33
-0.66
-0.33
-0.33
-0.33
-0.33
0.22
-2.21
-1.30
-0.44
-0.88
-0.44
-0.44
-0.44
-0.44
-2.61
-0.44
-0.44
-0.44
-0.44
-0.44
-0.44
-0.17
-0.84
-1.14
-1.14
-0.38
-0.38
-0.10
-0.38
-0.38
-0.38
-0.38
-0.38
-0.38
-0.38
-0.38
-0.76
-0.38
-0.38
-0.38
-0.38
-0.38
-0.38
-0.38
-0.38
-0.38
-0.38
-0.76
-0.38
-0.38
-0.38
-0.38
-0.38
-0.38
-0.38
-0.38
-0.38
-0.76
-0.38
-0.38
-0.76
-0.38
-0.38
-0.38
-0.38
-0.38
-0.38
-0.38
-0.38
-0.38
-0.38
-0.38
-0.38
-0.38
-0.04
-0.38
-0.38
-0.38
-0.38
-0.38
-0.38
-1.14
-1.14
-1.14
-0.38
-0.18
-0.76
-0.38
-0.38
-0.38
-0.38
-0.38
-0.38
-0.38
-0.38
-0.38
-0.38
-0.38
-0.38
-0.38
-0.38
0.30
0.53
-0.04
-0.38
-0.38
-0.38
-0.38
-0.38
-0.38
-0.38
-0.38
-0.38
2.17
0.66
0.66
0.86
0.66
0.66
0.66
2.30
0.66
0.66
0.53
0.53
0.53
0.72
0.19
1.03
0.19
0.19
0.19
0.36
0.35
0.70
0.19
0.19
0.38
0.19
0.19
-4.50
-1.32
-1.32
-1.32
-1.32
-1.32
-1.32
-1.48
-1.32
0.18
0.11
0.11
0.26
0.11
0.21
0.11
0.66
0.99
0.78
0.33
0.33
0.33
0.33
0.33
0.33
0.33
-1.32
-1.32
-0.66
-1.32
-0.66
-0.66
-0.16
-0.66
-0.66
-0.63
-0.66
-0.20
-0.61
-0.20
-0.41
-0.41
-0.20
-0.20
-0.20
-2.65
-0.66
-0.25
-0.66
-0.66
-0.66
0.48
0.48
1.65
0.24
0.24
0.28
0.28
3.29
0.44
0.66
0.22
0.22
0.22
0.22
0.22
0.22
0.69
1.22
0.44
0.44
0.44
0.67
4.87
2.56
0.38
1.84
0.38
0.38
1.14
0.58
0.62
0.10
0.10
0.10
0.10
0.10
0.48
0.89
0.24
0.24
0.52
0.24
0.24
0.72
0.24
0.48
0.24
0.24
0.24
0.24
0.24
0.24
0.24
0.24
0.24
0.61
0.24
0.24
0.24
0.66
0.66
0.33
0.33
0.33
0.66
0.66
0.92
0.65
0.24
0.24
1.03
1.13
0.24
0.24
0.40
0.24
0.24
0.24
0.24
0.24
0.24
0.24
0.24
1.73
0.44
0.24
0.40
0.24
2.17
0.48
0.24
0.24
0.24
0.24
0.24
0.24
-1.18
-0.59
-0.59
-0.88
-0.29
0.43
-0.29
-0.88
-0.59
-0.29
-0.88
-0.29
-0.29
-0.88
-1.18
-0.88
-0.29
-0.29
-0.29
-0.29
-0.29
-0.29
-0.29
-0.29
-0.59
-0.59
-0.29
-0.29
-0.29
-0.29
-0.29
-0.97
-0.29
-0.29
-0.29
-0.54
-0.29
-0.29
-0.29
-0.29
-0.29
-1.18
-0.88
-0.29
-0.59
-0.29
-0.29
-0.29
-0.29
-0.29
-0.29
-0.29
-1.47
-0.29
-0.29
-0.29
-0.29
-0.29
-0.29
-0.59
-0.29
-0.29
-0.29
-1.18
-0.29
-0.29
-0.29
-0.29
-0.54
-1.06
-2.65
-1.38
-0.53
-0.53
-0.53
-0.53
-0.53
-0.53
-0.53
-0.53
-1.06
-1.06
-1.06
-0.53
-0.53
-0.53
-0.53
-0.53
-0.53
-0.53
-0.53
-0.53
-1.06
-1.06
-0.53
-0.53
-0.53
-0.53
-1.06
-0.75
-0.53
-0.53
-0.53
-0.53
-0.17
-0.53
-0.53
-0.53
-0.53
-0.53
-0.53
-0.53
-0.53
-0.53
-0.53
-0.53
-0.23
-0.53
-0.53
-1.06
-0.53
-1.59
-0.53
-0.08
-0.53
-0.53
-0.53
-0.53
0.33
0.19
0.19
0.32
0.19
0.19
0.19
1.18
1.18
1.19
0.29
0.29
0.29
0.29
0.29
0.29
0.29
0.29
0.29
0.29
0.29
0.29
0.29
0.29
0.88
3.07
0.88
3.07
0.44
0.88
0.96
0.44
0.44
0.44
0.44
0.44
0.44
0.44
0.88
0.64
0.44
0.44
0.24
2.65
0.24
0.44
0.24
0.24
0.48
0.24
0.24
0.24
0.24
0.36
0.36
0.24
0.91
2.87
-0.33
0.38
0.38
0.38
0.38
0.38
-1.99
-0.66
-0.66
-0.33
-0.33
-0.33
-0.33
-0.33
-0.33
-0.33
-0.33
-0.33
-0.33
-0.33
-0.33
-0.33
-0.33
-0.33
-0.33
-0.33
-0.33
-0.33
-0.33
-0.33
-0.33
1.51
0.76
0.76
0.76
0.38
0.38
0.56
0.38
0.38
0.59
0.59
0.29
0.29
0.29
0.29
0.59
0.49
0.29
0.29
0.29
0.59
0.59
1.00
0.77
0.64
0.72
0.29
0.45
0.29
0.84
0.18
0.44
0.35
0.18
0.18
0.18
0.35
0.38
0.18
0.18
0.18
0.18
0.18
0.18
0.18
0.18
0.18
0.48
0.18
0.18
0.18
0.18
0.18
0.18
0.18
0.18
0.38
0.38
0.19
0.19
0.19
0.19
0.19
0.74
0.19
0.19
0.19
0.19
0.57
0.19
0.19
0.19
0.19
0.19
1.99
0.66
0.33
0.66
0.33
0.33
0.75
0.33
0.33
0.66
0.33
0.33
0.33
0.29
0.29
1.14
0.38
1.28
1.21
0.38
0.22
0.22
0.22
0.76
1.14
0.38
0.38
0.17
0.18
0.18
0.99
1.32
1.32
2.65
0.99
0.99
0.33
0.33
0.33
0.33
0.66
0.33
0.66
0.66
0.33
0.66
0.33
0.33
0.33
0.33
0.66
0.33
0.33
0.33
0.33
0.33
0.33
0.33
0.33
0.33
0.33
0.33
0.33
0.33
0.33
0.33
0.33
0.33
0.33
0.33
0.33
0.33
0.33
0.33
0.33
0.52
0.33
0.33
0.33
0.33
0.33
0.66
0.33
0.33
0.53
0.53
0.26
0.79
0.26
1.06
0.26
0.26
0.26
0.53
0.53
0.53
0.26
1.32
0.26
0.26
0.26
0.26
0.26
0.26
0.26
0.26
0.26
0.26
0.26
0.53
0.26
0.26
0.26
0.26
0.26
1.06
1.99
1.99
0.66
2.65
1.32
1.32
0.19
0.19
0.19
0.19
2.65
0.79
0.26
0.26
0.26
0.26
0.53
0.53
0.26
0.26
0.26
0.26
0.53
0.26
0.26
0.26
0.66
0.88
0.44
0.22
0.22
0.22
0.22
0.22
0.22
0.22
0.22
0.22
0.22
0.26
0.53
0.26
0.26
0.26
0.26
0.26
0.26
0.26
0.26
0.26
0.26
0.26
0.53
0.79
0.26
0.26
0.26
0.26
0.26
0.26
0.26
0.26
0.26
0.26
0.26
0.26
0.53
0.26
0.26
0.38
0.38
0.38
0.38
0.19
0.19
0.38
0.19
0.19
0.19
0.38
0.19
0.19
0.99
0.99
0.33
0.33
-1.14
-0.76
-0.76
-0.76
-0.38
-0.38
-0.76
-0.38
-0.38
-0.38
-0.38
-0.38
-0.38
-0.38
-0.38
-0.38
-1.48
-1.32
-0.29
-2.65
-1.32
-1.32
-1.32
-1.32
-1.32
-0.66
-0.66
-0.66
-1.32
-0.66
-0.66
-0.66
-0.66
-1.32
-1.32
-1.32
-2.65
-1.32
-1.32
-1.32
-1.32
-1.32
-1.32
-1.32
-1.32
-1.32
-1.32
0.33
0.33
1.18
0.59
0.29
0.29
0.29
0.29
0.29
EE: -0.00
CEE: -0.00
