0.00
1.67
0.13
1.99
1.63
0.62
1.32
0.82
0.66
0.66
0.66
0.47
2.25
0.14
0.60
-1.36
-0.87
-3.53
0.79
0.35
1.87
1.29
0.70
0.66
-2.21
0.29
0.66
0.37
0.66
0.23
-0.43
1.32
0.67
4.84
1.72
0.44
0.13
-3.67
1.09
-1.75
0.24
0.46
0.35
0.06
0.43
-3.73
0.61
0.10
-1.26
0.66
9.36
-1.30
0.00
-0.23
0.66
0.10
0.48
1.50
0.46
-0.17
0.05
-0.31
-3.42
-1.11
-2.83
1.93
0.66
-0.40
0.60
-2.09
1.34
-2.02
-0.41
-0.86
0.66
0.66
0.29
-0.08
-0.29
-0.13
-0.27
0.35
-1.33
-0.59
-1.70
0.55
-2.04
2.00
1.63
0.78
0.95
-2.10
1.37
0.90
0.66
0.05
0.83
-1.89
1.12
2.34
-1.38
0.25
0.56
-3.33
1.44
-0.22
-0.53
2.27
0.50
2.65
-0.59
-0.81
12.67
0.89
-2.72
0.26
4.84
0.74
0.53
0.79
0.26
-1.05
0.14
0.26
1.00
-0.03
-0.35
0.44
-1.11
-2.86
1.03
-0.46
-3.01
1.69
0.14
-4.46
-0.43
0.26
-0.71
-0.05
-1.36
0.11
0.08
5.89
-1.08
-1.45
1.04
1.24
4.72
0.26
-0.28
15.88
-0.93
-0.00
-1.23
-0.33
0.37
2.14
0.26
0.26
0.49
0.56
0.67
0.88
1.72
-0.03
5.31
-0.36
0.12
-1.65
8.20
0.11
-0.59
-4.15
0.26
1.38
0.26
0.84
3.87
0.61
-0.06
1.37
2.22
1.27
-1.86
0.12
-0.69
-2.82
-3.49
2.42
11.23
0.26
-0.06
1.06
1.04
0.28
-1.18
-0.56
-1.52
-3.66
-2.31
-2.57
1.28
0.53
-2.12
0.15
-0.32
0.07
1.15
-0.11
-3.92
0.31
-2.04
0.72
-0.55
-0.26
0.26
0.26
0.26
1.08
-4.34
1.75
0.26
-0.34
0.26
-0.15
5.69
1.07
1.08
0.02
-1.58
-0.32
-0.07
0.81
0.90
4.51
1.39
0.37
0.37
0.26
0.60
-1.18
0.15
0.53
-1.05
2.95
2.22
3.49
3.29
-0.01
-0.99
0.60
2.06
0.82
0.49
0.30
-1.42
0.26
-0.19
1.33
-0.32
-0.62
-0.08
-1.84
0.13
0.42
-0.75
-1.98
0.26
1.73
0.94
0.26
-1.65
0.81
0.57
-3.10
-0.28
3.32
1.90
-0.06
-0.47
-0.06
0.67
3.41
-0.79
-4.13
0.33
2.20
-2.74
0.50
0.76
-1.57
-3.78
-0.69
-4.28
1.10
-1.56
2.70
1.24
-0.28
-2.14
1.73
-2.31
-2.44
-0.11
2.39
-2.60
0.18
-1.10
1.14
-0.23
-0.37
-3.32
0.33
-1.35
0.65
-0.40
0.47
5.70
-1.66
0.33
-0.43
0.17
-10.61
-0.28
0.33
0.69
-1.48
-2.67
-0.37
0.52
0.06
0.35
0.51
0.63
-1.06
-1.04
-1.46
-1.70
-7.41
-3.37
-0.34
-0.31
-4.34
-1.33
0.12
-1.23
0.11
0.19
0.33
0.33
0.33
0.33
1.03
0.10
-0.24
3.64
-6.39
5.95
2.70
0.33
0.39
0.33
2.29
-1.11
0.00
-0.75
-0.26
0.90
0.21
0.13
4.84
-0.44
2.38
0.85
0.22
2.51
1.43
0.14
0.66
1.21
3.86
1.73
-0.06
-0.89
0.45
0.35
0.93
0.35
0.42
0.33
-0.06
-0.53
2.61
0.97
3.38
14.08
0.33
-0.59
0.73
0.33
0.94
6.46
2.05
2.31
4.25
1.23
-0.79
-0.10
-5.60
-0.71
2.47
-1.35
-2.05
-1.08
2.82
1.12
0.40
-0.49
2.95
-0.89
0.93
1.02
3.42
0.67
1.50
5.60
2.73
-0.02
1.32
0.33
0.33
0.66
-1.55
4.20
6.25
1.04
-0.22
0.19
-1.28
2.57
-1.77
-0.42
0.86
0.24
0.33
0.24
-0.66
0.69
-0.43
-0.05
-1.13
-1.61
0.12
-0.86
-5.04
-1.79
-3.63
0.36
0.33
0.99
1.20
-3.82
-0.88
-1.21
-1.30
-2.65
-0.88
-4.94
-3.07
-7.70
-2.58
-0.88
-0.82
-1.77
-0.88
-1.06
-1.55
-1.58
0.07
-1.77
-1.63
-1.77
-0.80
-1.83
-0.67
-3.87
-1.76
-0.88
-3.75
-0.88
-3.15
-2.95
-4.66
-3.54
-1.06
-3.73
-2.33
-2.54
-1.02
-1.09
-0.88
-0.93
-1.21
-2.60
-0.71
-5.06
-2.34
-1.31
0.04
-4.91
-0.98
-1.12
-7.56
-1.19
-2.68
-5.33
-3.27
-1.40
-0.35
-0.88
-4.18
-3.12
-0.90
-2.34
-4.07
-4.35
-1.03
-1.26
2.76
-2.36
0.95
-1.59
-0.81
-1.76
-1.45
-0.98
-2.17
-0.53
-1.81
-0.84
-0.53
-0.41
0.69
-0.53
-0.86
-0.26
-0.53
-1.69
-0.53
-2.62
-1.29
-4.45
-2.55
-1.34
-0.53
-0.53
-1.18
-0.53
-3.44
-1.27
-0.64
-1.16
-0.53
-1.16
2.06
-0.68
-0.66
-0.53
-0.53
-0.53
0.77
-1.04
-0.69
-0.99
-0.43
1.19
-2.18
0.65
1.32
5.45
1.47
1.32
2.83
0.58
0.30
5.26
12.29
1.32
1.38
-0.02
1.26
0.66
3.64
1.32
1.32
2.71
1.32
1.32
1.12
-1.96
1.32
-0.82
0.77
2.43
4.73
8.25
2.11
0.86
1.38
2.74
-0.24
-1.84
2.05
0.98
-1.04
-0.66
0.33
-5.93
-2.39
0.73
-1.24
-2.75
-8.35
-4.66
-2.80
-2.00
-1.12
-0.66
-1.21
-1.31
-0.79
-0.29
0.62
1.44
-1.34
-1.49
-1.76
-0.66
-1.32
-1.01
-1.46
-0.72
-1.22
-1.25
-3.24
-1.90
-0.66
-3.69
-1.34
-0.66
-0.66
-0.66
-0.79
-0.96
-0.66
-0.90
-2.59
-1.09
-0.66
-0.66
-0.66
-1.40
-0.66
-1.32
-2.85
-0.19
-0.66
-1.04
-1.10
-1.77
-0.66
-0.66
-0.69
-7.17
-0.66
-0.86
-0.66
-0.81
-0.66
-0.98
1.18
-3.88
-0.60
-0.66
-1.32
-0.66
-0.66
-0.66
-2.11
-0.66
-3.51
-0.66
-0.66
-0.66
-0.68
-1.04
-1.39
-0.66
-0.84
-2.65
-2.65
-4.50
-3.91
-3.31
-3.22
-4.40
-1.48
-0.61
-0.92
-1.80
-0.59
1.29
0.66
-7.68
-1.32
-10.96
-0.79
-1.99
-2.16
-0.53
-0.27
-1.19
-2.02
-0.53
-0.53
-0.53
-2.13
1.36
-1.38
0.14
-1.04
-1.45
-1.49
-1.50
-0.56
-0.57
1.78
-1.72
-2.05
-0.24
-2.65
-2.37
-2.16
-1.26
-3.00
-0.67
-1.13
1.19
0.16
0.90
-0.69
-0.53
-0.53
-0.67
-0.92
1.39
-7.20
-0.67
-0.90
-1.21
-1.26
-1.56
-0.60
-0.39
0.03
-2.75
-0.52
-2.41
-0.31
4.20
-0.76
-1.06
-1.19
1.14
-0.53
-0.82
-1.38
-0.53
-0.53
-1.38
-0.53
-0.53
-1.81
0.35
0.31
-0.69
-0.73
-0.37
0.66
-5.20
0.17
-0.61
0.50
-0.44
0.00
-0.27
0.33
1.33
0.33
0.17
0.33
-2.06
1.57
3.25
0.11
-0.82
-0.17
0.40
-0.36
-0.36
-0.07
1.49
0.48
8.32
1.39
0.17
-1.38
0.03
1.44
-0.17
-3.25
0.17
0.83
-2.04
0.85
0.44
0.30
2.58
4.52
-1.96
-2.81
1.23
-0.89
2.54
-2.30
-2.44
-1.20
1.31
0.14
5.85
1.50
0.17
0.17
-0.07
0.35
0.53
5.69
-2.11
-0.32
0.17
-1.02
-1.13
-1.03
-2.46
0.42
-1.09
0.70
-3.74
-1.56
0.11
0.33
0.84
-1.27
0.17
1.21
0.80
-1.76
-0.48
5.09
-2.85
-3.04
-1.37
-1.00
1.23
-0.14
0.27
0.13
0.17
-0.31
0.83
-0.11
0.99
0.17
2.52
0.39
0.23
1.12
-1.45
0.46
0.02
1.59
0.17
0.64
1.68
0.17
0.17
3.71
1.90
-3.71
0.53
0.61
0.66
1.21
0.39
0.06
0.67
-0.69
-3.40
0.68
-0.73
-3.69
0.31
-1.50
0.74
2.06
-0.31
-1.63
0.60
-1.58
0.17
-0.09
1.62
0.47
0.47
0.14
0.03
-0.06
-0.56
-0.13
0.02
0.89
1.14
2.30
-1.86
-0.02
-1.56
0.39
-0.99
-1.52
3.70
-1.98
1.31
2.11
-3.47
0.17
-0.22
0.02
-1.75
0.17
1.79
-1.32
0.28
0.08
-1.53
0.16
-1.17
3.07
0.22
1.70
0.63
0.24
0.96
1.07
-1.00
0.44
0.64
0.88
0.88
0.88
-1.01
2.63
2.49
0.92
0.20
7.59
1.24
3.08
0.56
1.86
0.19
1.28
0.35
0.36
2.11
0.44
0.75
1.07
2.93
0.30
2.36
5.31
5.48
0.44
-0.42
0.44
0.10
0.79
-2.26
-1.00
-0.54
-1.26
-0.54
-2.42
-0.98
-6.83
-6.41
-6.99
-3.25
0.07
0.53
-1.64
-0.90
-1.64
-2.45
-1.02
-2.75
-0.33
-0.91
-3.16
-0.16
-0.58
-1.22
-3.22
-0.46
-1.42
-1.28
-0.29
-1.32
-1.91
-0.29
-0.65
0.53
-1.05
-1.68
0.60
-0.36
-0.61
-0.54
-0.20
-3.63
-0.29
0.77
-0.91
-1.98
-0.61
-2.00
-0.59
0.12
0.22
-1.82
-1.15
-1.46
-2.45
-0.93
-3.51
-1.20
1.07
-0.45
-2.02
-0.29
-1.04
-2.39
-0.86
-0.29
-0.12
-0.97
-0.97
-1.11
-2.85
-3.50
1.83
-1.53
-0.29
0.15
-0.54
-0.93
-0.62
-0.29
-0.29
-0.22
-0.15
-3.57
-0.29
-3.26
-0.59
-0.37
-0.29
-0.65
-0.51
-0.88
-0.29
-0.92
-0.95
-1.92
1.61
-4.60
-0.91
-3.54
2.73
-0.29
-1.49
5.09
-0.59
-0.29
-1.00
-0.81
-0.29
-1.03
-0.29
-1.06
-1.43
-0.37
-0.74
-1.48
-2.89
-0.29
-0.48
-0.68
-0.95
-0.91
-1.26
-0.29
-0.12
-0.86
-2.17
-0.29
-1.24
-0.67
-0.29
-1.96
-0.84
-0.48
-0.86
-1.78
-0.29
-0.49
-0.24
-0.29
-0.29
-1.09
-0.60
-0.97
0.04
-0.46
-0.29
1.58
0.00
-2.55
-0.40
-2.81
-0.96
-1.66
-1.73
-2.71
-1.59
-1.19
-2.50
-1.22
-0.91
0.16
-0.47
0.45
-0.14
-0.44
-1.33
-0.49
-0.47
-0.73
-2.15
-0.59
-0.64
-3.18
0.02
-0.56
-0.44
-1.30
-2.80
-1.23
-1.04
-0.44
-0.82
-0.23
-0.76
-1.30
-0.53
-0.96
-0.69
-0.68
0.09
-2.90
-0.44
-2.65
-5.61
1.80
-0.53
-1.59
-4.89
-1.06
-3.24
-2.07
-1.01
-3.14
-1.47
-0.53
-2.00
-0.53
-0.53
-4.00
2.12
-1.59
-0.53
-0.53
-0.26
-0.15
-3.15
-0.60
0.18
1.68
0.32
-0.53
-1.23
-1.22
1.25
-0.56
-0.26
-1.51
-1.58
-1.18
-0.51
-1.33
-0.53
-3.55
-0.53
-0.53
-0.38
-0.74
-0.53
-2.03
1.04
-0.39
0.57
-2.51
-2.71
-0.88
-1.15
-0.25
-1.69
-0.88
-2.17
-1.92
-2.40
-4.77
-1.12
5.09
-0.88
-0.56
-0.88
1.60
0.26
0.37
1.22
1.61
1.62
0.60
2.94
5.85
1.20
0.31
3.17
-1.14
-3.16
-1.09
1.23
0.66
-0.33
1.44
1.33
3.65
-0.66
-0.17
2.70
2.81
15.58
-0.17
0.98
1.66
0.24
2.60
0.95
0.15
20.70
2.64
1.34
-2.97
-1.59
-0.40
0.56
0.80
2.09
-0.35
0.92
-0.07
0.27
-2.81
0.24
1.43
0.69
1.44
0.24
0.57
0.24
5.14
1.21
3.27
0.24
1.94
1.43
1.05
0.52
1.56
9.36
0.70
0.22
0.92
0.39
0.44
-1.49
3.55
0.24
0.13
0.72
2.01
0.76
0.92
0.77
0.61
-1.11
0.24
0.12
4.13
0.28
0.54
-0.28
11.19
0.24
1.16
0.24
0.87
0.06
0.48
0.22
0.42
1.03
-2.51
0.24
-0.50
1.29
1.95
0.71
0.24
-0.60
-1.24
1.23
0.08
0.24
-2.40
1.37
0.24
1.73
0.16
0.80
-0.40
1.46
-0.76
-0.41
0.96
0.24
-1.52
1.51
0.24
-0.52
1.98
5.20
0.36
0.05
3.32
0.66
0.66
1.34
0.66
0.66
0.66
-0.68
2.43
0.66
-1.50
-2.48
0.66
2.07
0.20
4.28
-0.78
1.38
1.57
-0.46
2.62
-1.02
0.32
0.77
1.32
-0.22
1.10
-0.23
0.66
2.01
3.35
5.20
-1.32
-1.32
-1.99
-3.48
-0.33
-0.90
-0.64
-1.56
-1.63
-0.77
-0.41
-1.99
-0.34
-0.49
-0.66
-1.80
-0.86
-2.50
-1.22
-1.34
-1.03
-1.05
-2.44
-0.10
-0.76
-0.28
-0.61
-2.57
-2.30
-0.12
2.37
1.07
1.30
-0.54
2.14
0.64
-0.08
0.66
-0.98
1.78
3.06
1.42
0.10
3.51
0.52
2.74
0.89
1.28
0.25
0.66
0.82
1.16
0.36
-1.52
1.54
0.50
3.14
0.79
0.86
0.85
-0.23
0.12
4.56
2.65
2.04
0.45
-0.29
0.23
-0.46
1.33
-0.46
0.49
-0.21
-1.40
0.27
0.37
0.62
0.03
0.06
0.62
4.33
0.03
0.66
0.51
-5.33
-2.35
-2.21
0.34
0.35
-1.78
0.27
-2.23
1.05
-0.01
2.98
1.32
-0.38
1.55
1.37
0.66
1.43
0.82
2.94
2.06
0.13
1.45
1.15
0.33
0.48
0.68
1.41
1.28
2.29
2.99
-0.47
-0.77
-0.89
0.33
2.97
0.48
0.96
0.66
0.00
0.17
-1.10
-0.34
-3.07
-2.61
-0.44
-2.03
-0.22
-1.30
-2.21
-1.78
-1.03
-0.96
-0.44
-2.55
-0.96
-0.44
-2.62
-0.73
-0.92
-0.58
-0.22
-0.22
-3.82
-0.72
0.79
0.20
-0.29
-0.22
-2.40
-0.22
5.06
-0.44
-0.81
-0.22
-0.66
-2.57
-0.82
0.19
-1.39
-0.27
-0.31
0.21
-1.32
-0.67
-0.41
0.20
-1.50
-1.15
-0.22
-0.42
-0.93
-0.93
-0.22
-0.22
-0.22
-1.67
-0.20
-0.22
-0.22
-0.30
-0.75
-1.96
-5.04
-2.32
-0.47
-5.25
-1.68
-0.44
4.17
-0.88
-1.52
-2.48
-2.06
-1.29
-0.42
-1.43
-0.80
-1.44
-0.22
-0.22
-3.37
-0.22
-0.51
-0.22
-0.22
-0.29
-1.89
-3.17
-0.22
-0.90
-0.22
-0.26
-0.22
-7.01
-3.36
-0.22
-0.49
-0.22
0.10
-0.22
-0.22
-0.97
-1.19
-0.15
-0.36
-0.83
-1.02
-1.13
-0.32
-3.68
-0.22
-0.61
-1.61
-0.22
-0.73
-0.22
-2.86
-0.22
-0.22
-0.22
-0.34
-0.91
0.22
-0.34
-0.37
-0.20
-0.56
-0.22
-0.87
-0.93
-1.02
0.95
-1.85
-0.62
-2.15
-0.40
-0.22
-0.22
-0.75
-0.48
-0.77
-0.22
-1.38
-2.18
-0.98
-0.55
0.02
0.64
0.50
-0.22
-1.53
-0.46
-0.22
-0.24
-0.22
-0.22
-0.88
-0.22
-0.22
-0.22
-0.22
-0.22
-5.82
-1.16
-0.50
-2.55
-0.48
0.29
-1.05
-0.63
-0.57
0.23
-0.17
-0.33
-0.17
-0.17
-2.88
-1.15
-0.17
-1.30
-0.31
-1.88
-0.17
-0.46
-1.76
-0.17
0.79
0.10
-0.19
-0.61
5.57
0.04
-0.17
-0.17
-1.06
-0.35
-1.56
-0.17
-0.04
0.51
-1.24
-0.56
0.76
-0.83
-0.17
-0.61
-2.00
-0.17
0.53
0.32
-0.17
-0.17
0.27
-0.07
-0.42
-0.22
0.72
-0.17
-0.33
-0.17
0.78
-0.14
-0.30
-0.42
-1.26
-1.36
-0.44
-0.17
-2.20
-1.30
-0.70
-4.10
0.11
-0.34
-0.61
-1.37
-0.60
-0.08
2.49
-0.53
-2.25
-0.37
-0.54
-0.17
0.75
0.14
-0.78
-0.17
4.97
-2.97
-0.62
-0.58
0.70
-0.99
-0.27
-2.65
-1.59
-2.43
-1.96
-0.79
-0.79
-0.82
-2.12
-1.77
-1.40
-0.26
-1.23
-0.44
-0.26
-1.19
-0.77
-1.75
-0.67
-0.26
-0.13
-0.69
-0.26
-0.26
-0.88
-0.68
-0.26
-1.55
-0.52
-0.75
-0.37
-2.61
-0.91
-0.75
-1.43
-0.26
-4.40
0.54
0.16
0.12
-0.04
-0.05
-0.26
0.61
-1.77
-1.14
-0.61
-0.26
0.03
-0.58
-0.64
-0.28
-0.67
-1.36
-2.12
-0.53
-0.82
-0.53
-0.56
-0.26
-0.26
-0.74
-0.52
-0.64
-0.26
-0.60
-0.53
-1.17
-0.26
-0.26
-0.97
-0.26
-0.26
-0.26
-3.73
0.52
-1.10
-0.84
-0.83
-0.26
-0.26
1.23
-0.70
-0.39
-0.90
-0.26
-0.26
-0.26
-0.28
-0.78
-0.26
-0.45
-0.33
-0.26
-0.40
-0.46
-1.08
-0.52
-0.26
-0.42
-1.44
-0.26
-0.91
-0.44
-0.44
-2.14
-1.91
-0.88
-0.44
-0.44
-0.59
-0.90
-0.44
-0.44
-0.44
-0.44
-0.88
-1.07
-1.34
-0.44
-0.44
-2.34
-0.66
-0.44
-0.79
-1.38
-0.44
0.51
-2.28
-0.74
-0.36
-0.56
5.37
-0.44
-0.07
-0.44
-0.44
-1.15
-0.47
0.25
-1.58
-1.95
-4.19
0.24
-1.44
-1.20
-0.90
-2.37
-0.45
-2.18
-0.76
-3.61
-0.45
-1.48
-1.60
-1.04
-1.04
1.57
-0.38
-0.38
-0.38
-2.24
-1.45
-0.46
-1.28
-0.02
-1.14
-0.96
-0.67
-0.38
-0.07
-5.07
-0.38
-1.09
-0.38
-0.39
0.33
-1.29
-2.23
-0.38
-1.50
0.18
2.36
0.03
0.03
-0.67
-0.20
0.18
-0.34
-0.36
0.15
-0.49
-0.47
1.59
0.18
-0.42
0.51
1.53
1.91
0.96
0.01
1.78
0.08
4.72
-0.27
1.26
10.12
4.27
5.82
5.89
1.99
3.57
-0.19
1.34
1.24
-1.36
0.13
2.39
0.36
0.18
-0.29
4.68
2.45
-0.49
1.74
2.53
-2.39
0.06
0.10
-0.88
1.46
-0.35
0.76
-5.33
-0.27
0.18
-1.04
0.27
0.14
0.18
0.40
-1.20
0.18
-0.31
-0.58
0.05
-1.21
0.81
-0.04
0.61
1.12
1.99
2.65
1.12
0.85
0.61
1.22
0.19
1.00
0.09
0.96
0.66
0.37
1.19
1.46
0.66
1.03
1.55
1.84
0.23
1.66
-1.25
0.66
0.12
-1.01
0.12
0.27
0.66
1.43
1.24
1.16
0.15
1.17
0.96
1.32
1.32
0.23
1.04
1.77
0.88
0.88
0.56
0.44
0.87
2.01
1.77
-1.28
0.82
0.17
-1.31
0.44
0.44
0.77
2.21
0.56
0.44
0.20
0.44
0.44
0.61
1.96
0.44
0.17
0.26
0.65
-2.18
1.23
-4.26
0.26
-0.15
-0.40
1.18
1.51
-1.05
-2.67
-0.39
0.44
0.57
-0.53
1.90
-0.22
1.59
1.04
2.12
2.70
-0.63
0.08
1.78
0.53
1.06
0.65
0.85
0.53
0.53
1.03
0.86
0.23
0.53
0.53
0.66
0.53
1.60
3.81
1.22
0.53
-0.12
1.06
0.53
3.12
1.46
0.53
0.13
1.48
1.18
1.04
1.48
-0.79
-1.59
1.13
0.71
0.53
0.33
0.48
0.13
0.53
0.69
0.60
6.08
1.34
6.15
0.54
0.23
4.26
0.33
0.33
0.53
0.53
-1.06
0.26
0.53
-0.12
0.60
0.53
2.00
0.72
0.99
0.07
0.53
0.53
0.50
0.53
1.84
0.53
1.90
-1.12
-1.99
-0.33
-1.06
0.00
-0.33
-0.33
-0.62
-0.33
-0.52
1.87
1.44
-1.80
-0.33
-0.33
-0.33
-0.52
0.18
-1.17
-0.33
-0.90
-0.51
-1.32
-1.50
-1.18
-0.33
-0.22
-0.33
-1.68
-1.19
-2.33
-0.66
-0.33
-1.01
-0.20
-0.31
-0.33
-1.60
-4.10
-0.40
-0.88
-0.44
-6.29
-0.43
1.10
-0.71
-1.11
-3.87
-2.94
-3.84
-1.32
-4.30
-1.52
-0.44
-0.94
-1.18
-2.30
-0.59
-1.02
-0.54
-0.44
-2.57
-0.59
-0.57
-2.29
-0.88
-2.93
-0.44
0.37
0.61
0.49
-0.44
-1.17
-0.94
-0.45
-0.56
-1.09
-0.23
-2.41
-0.44
-0.77
-0.44
-2.80
-0.60
-3.17
-0.58
-1.38
-0.47
-1.47
-0.44
-3.46
-2.24
-0.44
-0.85
-0.65
-1.76
-0.58
-0.44
-1.29
-0.49
-1.12
-1.99
-3.74
-0.02
0.38
-1.20
-0.03
-3.28
-0.44
-0.44
-0.44
-0.44
4.67
0.93
-0.52
-2.62
-1.17
-3.28
-2.12
-1.25
-0.62
-0.53
-1.12
-2.77
-0.82
-0.53
-0.26
-0.53
-2.25
-0.53
-0.97
-0.79
-1.85
-0.26
-0.53
-1.00
-0.37
-0.77
-0.92
-2.12
-0.44
-0.26
-0.26
-0.44
-2.09
-0.26
-2.10
-3.94
-0.26
-0.98
-0.26
-1.24
-0.96
-0.26
-0.26
-0.26
-0.16
0.27
-0.67
-0.56
-0.56
-0.82
-0.66
-0.37
-0.86
-0.26
-0.36
-0.44
-0.33
-0.75
-1.15
-0.26
-1.44
-1.38
-1.21
-0.90
-0.04
-1.40
-0.64
-0.26
-0.26
-0.42
-0.26
-0.19
-1.84
-0.92
-1.27
-0.26
-2.24
-4.56
-5.81
-2.09
-1.26
-0.26
-0.58
-0.26
-0.76
-0.26
-0.94
-0.68
-0.26
-0.28
-0.60
-0.06
-0.75
3.01
-2.30
-0.70
-0.48
-0.91
-2.80
-0.33
-1.39
-0.98
-4.29
-0.56
-1.15
-1.70
-2.32
-1.63
-0.57
-1.60
-0.46
-0.38
-0.60
-0.22
-0.38
-0.44
-0.66
0.26
-0.99
-0.82
-0.38
-1.47
-0.13
-0.29
-0.81
-2.32
-0.86
-0.44
-0.31
-0.44
-0.54
-0.32
-0.15
-0.96
-1.64
-0.62
-2.77
-0.86
-2.84
1.15
-0.81
0.10
0.32
-0.54
-0.15
-0.57
0.60
0.38
-0.22
-1.34
-0.50
-1.15
-0.15
0.00
-0.27
-0.29
-1.88
-0.57
-2.35
-1.75
-0.11
-1.91
-0.64
-0.11
-0.63
-0.15
-0.15
-0.15
-0.46
-0.20
-0.08
0.54
0.12
-0.15
-0.51
-0.45
-0.15
-0.15
0.32
-0.15
-2.17
-0.24
-0.45
-0.96
-1.81
-0.72
-0.48
-0.50
1.26
0.63
0.16
-0.62
-2.51
-0.54
-0.54
-0.48
-0.55
-0.38
-3.85
-0.24
-0.24
-0.49
-0.56
-0.62
-0.82
0.12
-0.68
0.00
-0.24
0.17
-1.02
-1.36
-0.24
-0.16
-0.24
-1.48
-0.78
-0.48
-0.24
-0.24
0.35
-0.32
-0.74
-0.40
-0.24
-0.03
-0.30
-0.24
-0.24
-0.24
2.72
-1.81
0.20
-0.48
0.12
-2.72
-0.39
-0.60
1.35
-0.48
-0.03
-0.24
-0.24
-0.59
-0.24
-0.42
-0.24
-0.24
-1.36
-0.31
-3.00
-0.24
-0.24
-0.24
-0.24
-1.15
-1.05
-3.07
-0.02
-0.24
-0.24
-0.24
-0.24
-2.26
-0.32
-0.24
-2.27
-0.32
-0.24
-0.24
-0.24
-0.24
-0.39
-0.24
-0.24
-0.24
-1.04
0.37
0.92
0.80
2.56
-0.33
0.22
0.22
2.28
0.47
-0.19
0.32
2.80
0.75
0.22
0.93
0.22
0.30
-0.38
0.22
0.40
2.56
0.05
0.67
-0.10
0.66
0.78
-0.40
0.10
0.22
0.22
1.00
0.34
0.40
2.16
3.70
-1.73
-0.14
-0.14
0.52
0.06
1.82
-0.16
0.22
0.22
0.22
0.22
1.57
1.10
0.08
-1.04
0.22
0.71
8.86
2.65
0.32
1.95
0.76
3.03
0.94
-0.52
0.24
2.09
-0.47
-0.05
0.14
1.34
-0.67
-1.08
0.59
0.96
0.08
0.24
-0.54
0.36
0.06
0.09
-0.79
-0.53
0.43
-0.24
0.61
-0.46
0.02
0.35
-0.61
0.03
0.24
0.60
1.62
0.99
0.72
2.50
0.24
0.24
0.80
0.53
-1.56
-0.04
1.01
1.00
0.99
-0.01
0.68
0.24
4.35
0.24
1.23
1.10
1.09
0.67
0.24
0.24
0.24
0.93
0.49
0.24
0.24
0.10
-2.65
0.12
-0.28
-1.04
0.70
-0.67
-0.24
0.29
-1.62
-1.04
-2.55
-0.34
-1.78
-2.15
-0.39
-1.10
-0.43
0.33
-0.24
1.35
1.58
-0.57
-0.94
-0.63
-0.43
-0.99
0.19
-0.24
-1.47
-0.98
-1.10
0.33
-0.24
1.72
1.59
1.96
-0.24
-1.25
-0.24
-0.51
-3.00
-0.78
-0.35
-0.46
0.98
-0.57
-0.46
-0.08
-0.44
-0.24
-0.48
-0.64
-0.24
-2.65
-1.36
-1.42
-1.69
-3.86
-1.32
-1.69
-1.42
-1.32
-1.51
-1.47
-1.96
-1.32
-0.94
-1.44
-4.75
-1.32
-3.61
-4.39
-1.26
-1.32
-1.71
4.74
0.38
0.76
0.46
0.24
1.63
0.62
0.76
-0.07
-0.13
0.50
-0.73
0.38
0.07
0.38
0.08
1.51
4.89
1.25
1.10
-0.48
0.38
0.73
0.89
-0.30
-0.04
0.38
0.48
0.38
0.38
0.30
0.01
0.08
-0.97
0.38
0.66
0.55
-0.07
-1.24
3.47
0.90
0.44
1.61
-0.44
0.22
-0.26
1.48
-0.37
0.41
0.41
2.22
0.44
1.57
2.23
3.36
0.22
0.83
-2.54
-0.67
1.72
0.37
0.44
4.12
1.74
0.75
-0.92
0.22
0.25
-1.20
-0.35
0.68
0.22
-0.35
-0.29
0.22
0.22
0.11
-0.61
2.66
0.49
0.22
0.22
0.22
-0.02
-1.17
0.16
0.22
0.30
-0.74
0.33
0.52
0.22
-1.05
-1.40
0.22
0.22
-2.61
0.22
1.37
0.44
0.14
0.22
0.80
1.55
0.65
1.03
-0.49
0.44
-0.34
0.44
-0.39
0.22
0.22
-1.62
-0.73
2.94
-0.31
1.23
0.22
0.86
0.75
0.84
0.22
0.34
-0.36
0.36
-0.47
1.10
1.58
-0.25
-0.87
0.42
-0.19
0.12
1.54
0.39
0.44
0.77
0.44
0.22
-1.66
0.22
-1.38
1.65
-0.11
-0.01
0.22
0.22
-0.10
0.22
0.09
0.22
0.44
0.19
-0.52
1.11
0.32
-0.25
0.22
0.75
1.25
0.22
0.22
0.22
0.22
0.11
0.22
0.22
0.42
0.22
0.42
0.06
-1.03
-0.62
0.01
0.77
0.22
0.22
0.22
0.22
0.22
2.34
0.22
0.44
0.22
2.03
0.22
0.22
-0.68
0.42
0.42
0.22
0.46
-0.10
0.11
1.39
0.61
0.61
0.60
2.88
0.40
0.42
-0.21
0.61
0.06
0.92
0.73
1.91
0.20
1.02
0.39
3.44
0.82
1.74
0.20
-0.18
1.72
-0.03
3.26
0.20
-0.38
-0.42
0.20
3.36
0.41
0.53
1.50
1.06
-0.19
0.53
0.53
0.53
0.36
0.30
0.42
0.39
1.66
0.54
0.53
3.20
0.53
0.98
0.01
2.66
0.25
1.15
0.10
-1.88
0.53
0.53
1.32
-0.63
0.28
1.06
0.53
0.86
0.53
0.13
0.34
0.53
0.52
0.53
0.13
-0.30
0.03
-0.96
-1.19
-0.46
0.31
0.35
1.23
0.41
-0.59
-1.20
-0.67
0.20
0.10
0.24
0.36
-0.34
0.20
0.20
0.08
0.20
0.20
0.20
-0.59
0.79
0.20
0.20
1.01
-0.47
0.20
0.20
-0.68
0.13
-0.25
-0.59
-0.02
0.97
2.13
-0.54
-0.07
3.24
0.40
-0.38
0.20
0.20
0.28
-0.38
0.20
-1.05
-0.40
0.20
-0.95
0.16
0.11
-1.80
0.20
0.10
-0.87
-1.72
0.50
1.78
1.94
0.53
0.42
0.41
0.94
0.66
0.92
0.53
-0.31
1.14
1.19
1.04
0.53
0.53
0.53
0.71
-0.90
0.33
0.54
0.53
0.53
0.36
3.85
-2.69
0.09
-0.95
1.21
0.53
1.17
0.44
4.68
0.72
0.15
0.53
0.53
1.06
1.07
0.79
0.32
1.48
0.24
0.53
1.11
1.14
0.74
0.73
0.09
0.53
1.87
0.75
0.92
1.57
1.39
1.19
-0.94
0.53
2.61
-0.91
0.82
0.50
2.47
1.90
0.53
-1.38
0.20
0.53
1.33
0.53
0.43
0.53
0.33
-0.01
-1.91
2.30
0.41
-0.53
0.20
1.12
0.34
-0.30
0.20
0.65
-1.41
0.29
0.50
-0.52
0.73
0.20
5.09
0.44
0.17
0.20
0.42
0.20
-1.50
1.28
0.20
-0.30
0.81
0.38
-1.00
0.20
0.20
0.67
-0.45
-0.22
0.80
0.38
0.20
0.20
0.20
0.38
2.18
0.43
0.48
1.49
-1.40
0.44
0.44
1.77
0.44
0.63
-2.18
0.44
2.30
0.30
0.44
0.26
1.13
-0.04
1.63
0.84
-0.70
0.04
-0.25
-0.49
0.77
0.44
0.22
0.91
0.44
0.44
0.44
0.44
1.77
0.77
1.77
1.96
0.88
0.86
0.88
1.77
1.21
0.88
0.88
0.88
1.26
0.98
-2.69
0.31
3.07
1.87
0.89
0.88
0.96
0.11
-0.92
0.99
0.01
0.22
0.66
0.17
-0.69
0.14
0.33
0.33
0.77
0.99
0.33
-0.62
-1.22
0.14
0.05
0.11
-0.19
-1.41
0.90
0.57
1.21
0.61
-0.43
0.00
0.33
0.66
0.99
0.57
-0.03
-0.04
0.63
0.33
0.71
-0.11
0.33
0.49
1.46
-0.34
0.33
-0.50
0.69
0.15
1.77
0.31
0.31
0.25
-0.46
0.26
2.19
7.13
1.37
0.40
0.16
-1.32
-0.03
0.16
0.03
0.16
-1.58
1.19
0.32
-0.33
0.31
-0.13
1.21
1.10
-0.31
0.37
0.16
2.65
3.49
6.91
-0.53
0.16
2.83
1.04
0.16
-0.73
3.94
-0.80
0.53
0.80
0.53
0.53
0.68
0.70
1.16
0.71
3.23
0.78
2.14
3.63
-2.00
0.20
0.60
0.27
-0.97
-0.38
0.34
0.23
2.86
0.53
-2.02
-0.13
-0.77
-5.09
-3.65
-0.38
-1.51
-1.03
-0.25
-2.60
-0.76
-0.25
-1.27
-0.38
-2.65
-0.25
-0.50
-0.64
-0.38
-0.44
-0.84
-2.20
-1.56
-1.26
-0.40
-0.86
-0.34
-0.98
-0.38
-0.37
-0.74
-0.25
-0.43
-1.11
1.04
-1.00
-0.50
-0.13
-2.40
-0.13
-1.55
-0.27
-0.25
-0.13
-1.01
0.42
1.33
-0.38
-0.57
-0.13
0.13
-0.13
-0.71
-0.60
-0.25
-0.25
-0.39
-0.13
-0.20
-0.13
-0.44
-0.13
-0.46
-0.88
-0.13
-0.13
-0.13
-0.13
-0.24
-0.44
-0.63
-0.13
-1.05
-0.88
-0.29
-0.65
-0.13
-0.13
-0.13
-0.08
-3.09
-0.35
-0.13
-0.13
-0.25
-0.25
0.19
-0.13
-0.13
-0.49
-0.13
-0.25
-0.13
-0.44
-0.25
-0.13
-2.84
-0.13
-0.13
-0.13
0.20
-0.13
-0.13
0.64
-0.79
0.05
-0.13
-0.88
-0.13
-0.13
-0.23
-0.16
-0.13
-0.13
-0.74
-0.69
0.12
-0.44
-0.13
-0.13
-0.13
1.15
-0.37
-0.38
-0.25
-0.38
-2.02
-0.90
-0.25
-0.38
-0.13
-0.83
-0.95
-0.50
-0.44
-0.53
-1.15
-0.13
-0.25
0.37
-0.13
-0.13
-2.44
-0.13
0.58
-0.13
-1.72
-0.32
0.26
-0.70
-0.17
-0.38
-0.13
-1.42
-0.13
-0.32
-1.53
-0.79
-0.13
-0.49
-0.19
-0.13
-1.23
-0.13
-0.32
-0.20
-0.88
-0.13
-0.13
-1.15
-0.13
0.40
-0.34
-1.01
-0.13
-0.13
-6.50
-0.13
-1.64
-0.54
-0.40
-0.63
-0.25
-0.32
-1.78
-0.13
-0.45
-0.29
-0.13
-0.32
-0.13
-0.13
-0.21
-0.13
-0.69
-0.13
-0.13
-0.55
-0.13
-0.13
-0.76
-0.13
-0.13
-0.13
-0.13
-1.02
-1.30
-0.90
0.06
-0.13
-0.27
-0.56
-0.35
0.23
-0.13
-0.13
-0.13
-0.13
-0.13
-0.25
-1.09
-3.78
-1.40
-0.13
-0.13
0.43
-0.53
-0.90
-0.66
-0.50
-1.32
-1.20
-0.83
-0.33
-0.17
-1.02
-1.45
0.10
-0.50
-2.11
-0.61
-1.49
0.19
-0.75
-0.39
-1.89
-0.17
-0.17
-0.17
-0.32
-0.87
-0.17
-0.17
-0.33
-0.86
-0.27
-0.56
-0.17
-0.17
0.14
0.23
-0.17
-0.17
-0.17
0.06
0.00
-1.38
-0.64
-4.79
-0.44
-2.11
-1.06
-2.98
-1.22
-1.88
-0.49
-0.25
-0.40
0.06
-0.89
-0.77
-3.03
-1.04
-0.97
1.06
-0.47
-0.17
-1.82
-0.31
-0.17
-0.66
-1.61
-0.66
-1.02
-0.17
-1.63
-0.17
-0.17
-0.65
-1.28
-3.13
-2.40
-0.27
-1.98
-0.55
-0.37
-0.17
-0.53
-1.29
-0.17
-0.17
-0.17
-0.17
-1.13
-0.17
-0.17
1.11
0.12
-0.28
-0.17
-1.49
-0.17
-0.17
-0.33
-0.46
-0.33
-1.68
-0.40
-0.43
-0.72
-1.05
-1.08
-0.47
-0.76
-0.17
-0.17
-0.38
-0.17
-1.99
-0.79
-0.91
-0.17
-0.17
-1.93
-0.31
-0.83
-1.25
-1.83
-0.17
-0.17
-0.17
-0.17
-0.65
-1.19
-0.17
-0.33
-0.26
-0.17
-0.17
-0.17
-0.17
-0.17
-0.29
0.08
-0.17
-0.48
-0.17
-0.56
0.02
0.03
0.56
-1.58
-0.54
-0.17
-0.17
-0.18
-0.17
-0.27
-0.10
-0.53
-0.17
0.06
-1.32
-0.17
-0.17
-0.80
-0.17
-0.17
-0.76
-0.17
-0.98
-0.17
-0.29
-0.17
-1.06
-1.06
-2.65
-1.06
0.62
-0.53
-0.53
-0.65
-1.12
-0.91
-0.53
-0.53
-0.53
-0.53
-0.53
-0.53
-3.58
-0.79
-0.53
-0.91
-0.09
-0.57
-0.60
-0.86
-0.53
-0.70
-0.58
-0.53
-0.53
-0.72
-0.91
-0.53
-0.53
-0.53
-3.09
-1.06
-0.53
-0.53
-0.53
-0.53
-1.58
-1.67
-3.05
-1.61
-0.53
-0.53
-0.53
-0.91
-1.18
-0.91
-0.90
-0.51
-0.88
-0.53
-0.53
-0.53
-0.36
-0.53
-0.53
-2.00
-0.53
-1.15
-1.41
-0.53
-0.20
-0.53
-0.53
-0.53
-3.64
-0.53
-0.53
-2.27
-1.51
-2.74
-0.38
-0.83
-2.04
-0.50
-1.14
-2.20
-1.89
-1.85
-0.81
-0.80
1.15
-0.38
-0.96
-0.76
-0.95
-0.46
-0.93
-0.38
-4.29
-0.38
-0.38
-0.38
-0.09
-0.38
-2.16
2.32
-0.38
-1.08
-1.10
-0.58
-0.75
-0.38
-1.78
-0.99
-0.38
-1.37
-1.42
-0.38
-0.15
-1.01
-0.66
-0.38
-2.68
-2.09
-0.38
-0.57
0.47
0.16
0.16
-2.15
-4.10
-0.66
-0.52
0.16
0.16
0.46
-0.29
0.16
-0.29
0.42
-0.14
-0.95
0.16
1.68
0.16
0.89
-0.15
0.76
0.16
-0.18
0.16
0.16
0.16
-0.26
0.16
0.17
0.16
0.64
0.16
-0.09
0.16
-0.15
0.16
0.16
0.16
0.07
-0.84
0.30
-0.60
-1.52
0.24
0.01
3.95
0.16
4.01
4.40
-0.12
0.35
-0.56
-0.86
0.16
0.95
-1.00
-0.23
0.31
0.16
-0.58
-0.44
-0.88
-1.58
-0.27
-0.44
-0.44
-1.54
-0.44
-0.44
-0.70
-1.50
-0.44
-1.77
-0.44
-0.81
-0.44
-0.49
-0.66
-0.44
-0.25
-2.24
-0.74
-0.23
-0.74
-1.54
-0.44
-2.34
-0.44
-1.56
-0.44
-0.44
-1.15
-0.13
-0.44
-0.44
-0.50
-2.42
-0.44
-0.44
-0.44
-1.54
-0.88
-0.67
-0.46
-0.44
-0.34
-1.10
-0.77
-0.08
-0.53
-0.47
-1.04
-0.23
-0.44
-1.66
-1.38
-2.43
0.09
-0.77
-2.65
-1.62
-4.69
0.38
-1.15
-0.66
-3.42
-1.32
-1.36
-0.66
-1.10
-1.37
-0.66
-3.78
-2.75
-4.12
-0.70
-0.66
-0.66
-0.66
-1.04
-0.50
0.40
-0.96
-7.39
-2.65
-2.48
-1.77
-1.77
-0.88
-0.88
-1.77
-0.88
-3.12
-2.59
-1.97
-0.99
-0.99
-0.88
-0.88
-1.85
-0.88
-0.88
-5.34
-1.66
-1.99
-2.65
-2.46
-0.33
-1.02
-0.33
-1.41
-0.66
-0.83
-0.46
0.16
-0.33
-2.56
-0.66
-0.33
-0.99
-0.33
-0.33
-0.33
-2.32
-1.45
-0.66
-0.33
-3.53
-0.69
-0.99
-1.32
0.59
-0.33
-0.33
-0.33
-1.09
-1.83
-0.81
-0.33
-0.33
-0.33
-0.33
-0.33
-0.33
-0.86
-0.33
0.11
-0.60
-0.51
-0.71
-0.62
-0.56
-0.33
-0.95
-0.16
-0.58
-2.65
-3.02
-0.66
-1.32
-1.15
-1.32
-3.67
-0.66
-0.66
-0.66
-0.33
0.56
-0.81
-0.66
-0.66
-0.66
-4.18
-0.66
-0.86
-0.66
-0.86
-0.66
-0.42
-1.32
-1.32
-0.66
-0.74
-0.66
-0.58
-0.66
-0.31
-0.98
-0.83
-3.77
-0.66
-0.66
-0.66
-0.72
-0.58
-0.66
-0.69
-0.99
-2.69
-1.56
-1.05
-0.47
-1.96
-0.66
-0.54
-3.34
-0.66
-0.33
-2.69
-0.33
-1.99
-0.33
-0.65
-0.58
-0.75
-0.62
-2.50
-1.25
-0.71
-0.89
-1.08
-1.31
-1.06
-0.33
-0.66
-1.10
-0.33
-0.33
-0.33
-0.33
-0.77
-1.44
-0.48
1.52
-0.48
-0.72
-0.72
0.09
-1.30
-0.72
-0.25
-1.32
-0.48
-0.96
-0.67
-0.72
-0.24
-0.24
-0.72
-0.24
-0.76
-0.35
-0.15
-0.24
-0.57
-0.24
-0.92
-0.29
-0.24
-0.24
-0.11
-0.54
-0.41
-0.24
-0.24
-0.42
-0.48
-1.44
-0.24
-0.24
-0.24
-0.24
-0.48
-0.63
-0.76
-0.24
-0.24
-0.24
-0.24
-0.48
-0.24
-0.24
-0.48
0.94
-1.55
-0.56
-0.67
-0.48
-0.48
-0.43
-0.24
-0.24
-0.38
-0.24
-0.24
-0.39
-1.57
-0.24
-0.20
-0.24
-0.66
-0.24
-0.24
-0.24
-0.24
-0.81
-0.24
-0.48
-0.24
-0.24
-0.24
-0.24
-0.24
-0.24
-0.24
-0.65
-0.41
0.12
-0.27
0.47
0.50
0.38
0.38
4.16
0.15
-0.39
0.38
3.94
-0.44
-2.54
0.38
0.38
1.45
0.38
0.38
-0.50
-0.79
-0.34
-0.44
-0.48
-0.48
-0.24
-0.24
-0.12
-0.63
-0.12
-0.86
-0.12
-0.02
-0.12
-0.30
-0.12
-0.12
-0.12
-1.02
-0.24
-0.36
-0.48
-0.72
-0.12
-0.12
-1.11
-0.12
-0.12
-0.12
-0.12
0.03
-0.12
-0.51
-0.12
-0.30
-0.36
-0.12
-0.31
-0.12
-0.31
-0.12
-0.12
-0.50
-0.12
-0.67
-0.73
-0.07
-0.12
-0.42
-3.77
-0.12
-0.12
-0.24
-0.31
-0.36
-0.56
-0.12
-2.36
-0.12
-0.12
-0.12
-1.22
-0.79
-0.36
-0.26
-0.56
-0.31
-0.68
-0.24
-0.16
-0.12
0.27
1.13
-0.31
-2.39
-0.78
-0.19
-0.12
-0.29
-0.12
-0.87
-0.12
-0.12
-0.12
-0.43
-0.12
-0.12
-0.12
-1.14
-0.12
-0.54
-0.49
-0.33
-0.12
-0.30
-0.52
-0.12
-0.12
0.08
-1.05
-0.12
-1.06
-1.66
-0.86
-0.66
-0.33
-0.37
-0.33
-1.13
-0.69
-0.66
-0.33
-0.33
-0.33
-0.33
-0.33
-1.85
-0.33
-1.08
-0.66
-0.33
-0.33
-0.30
-0.16
-0.35
2.65
1.48
0.11
1.06
0.26
1.06
0.26
0.54
1.06
-0.17
0.26
0.53
0.26
1.31
1.06
1.06
-1.16
1.46
0.26
3.95
-0.54
0.26
0.26
-1.06
0.69
-0.31
0.26
0.26
0.11
-0.68
-0.15
0.26
2.94
0.26
0.26
0.26
-0.40
-1.35
0.26
0.53
0.44
-0.11
-0.15
0.26
0.00
0.15
0.02
-0.02
-0.06
0.26
0.26
0.11
0.26
1.70
-0.05
0.27
-0.31
-0.42
-0.11
-1.16
-0.73
-0.18
-0.18
-0.30
-0.18
-0.55
-0.16
-0.18
-0.59
-0.18
-0.18
-1.11
-0.30
-0.89
-0.34
-0.09
0.74
-0.40
-0.09
-0.28
-1.23
-1.98
0.57
0.07
-0.09
-0.66
-0.09
-0.16
-0.09
-0.02
-0.38
-0.09
-1.27
-0.09
-1.74
-0.53
-0.17
-1.50
-0.17
-0.16
-0.37
0.39
0.37
-0.09
-0.64
-0.55
-0.23
-0.31
-0.26
-0.33
-0.31
-0.97
-0.53
-0.09
-0.18
-0.71
-3.83
-0.09
-0.09
-0.09
-0.09
0.35
0.13
-0.09
0.18
-0.09
-0.33
0.00
-0.09
-0.18
-0.87
-0.09
0.00
-0.47
-0.09
-0.18
-0.09
-0.09
-0.09
-0.09
-0.33
-0.66
0.11
-0.31
0.02
-0.49
-0.18
-0.09
-0.33
-0.27
0.28
-0.09
-0.18
-0.09
-0.18
-0.09
-0.09
-0.09
0.84
-0.09
-0.09
-0.09
-0.07
-0.46
1.15
-0.09
-0.18
-0.09
-0.74
-0.09
-0.33
0.72
0.24
0.24
0.33
0.48
3.14
0.24
0.24
-0.05
0.53
0.24
0.24
1.31
0.18
0.07
-0.09
-0.53
0.08
-0.23
0.24
0.24
0.24
-0.31
0.24
-3.63
0.24
-0.02
0.47
0.09
0.24
0.24
-0.96
-1.76
0.24
0.08
-0.35
-1.33
0.24
0.24
-0.90
-0.82
-0.88
-0.93
-2.65
-0.44
-0.44
-0.25
-0.44
-0.44
-0.88
-0.44
-1.54
-0.55
-0.06
-0.88
-0.44
-0.44
-0.83
1.20
-1.10
-0.59
-0.44
-0.50
-1.32
-0.56
-0.44
-1.15
-0.44
-0.44
-1.41
-1.52
-0.88
-0.44
-0.56
-0.65
-0.59
-0.44
-0.59
-0.56
-0.46
-0.44
-0.47
-0.66
-0.44
-0.44
-0.44
-1.17
-0.44
-0.22
-0.84
2.41
-0.19
-0.58
-0.34
-0.03
-0.48
-0.24
-0.12
0.04
-1.36
-0.36
-0.12
-0.24
-0.90
-0.12
1.30
-0.12
-0.12
-0.28
0.85
2.01
-0.12
-0.31
-1.04
-0.24
-0.12
-0.55
-0.12
-0.45
-0.12
-0.87
-0.86
-0.36
-0.08
0.48
-0.12
-0.36
-0.24
-0.12
-0.12
-0.12
-0.12
-0.16
0.33
-0.12
-1.26
-0.12
-1.57
-0.57
-0.12
-1.15
-1.26
-0.12
-0.12
-0.12
-0.12
-0.58
-0.12
-0.12
-0.12
-0.54
-0.12
-0.60
-0.12
-0.12
-0.12
-0.93
-0.12
-0.12
0.06
-0.24
-0.12
-0.56
-0.12
-0.04
-0.12
-0.12
-1.26
-0.35
-0.12
-0.12
-0.12
-0.12
0.27
-0.85
-0.12
-0.25
-0.59
-0.12
0.17
-0.12
-0.21
-0.12
0.08
0.32
-0.01
-0.16
-0.72
-0.24
-0.12
-0.45
-0.12
-0.12
-0.12
-0.12
-0.50
-0.12
-0.12
-0.35
-0.12
-0.12
-0.41
-0.12
-0.71
-0.45
-0.12
-0.80
-0.12
-0.12
-0.12
-0.16
-0.12
-0.12
0.25
-0.12
-0.72
-0.23
-0.12
-0.16
-0.87
-0.08
0.14
-0.12
0.26
-0.12
-0.42
-0.75
-0.24
-0.24
-0.34
-0.78
-0.12
-0.12
-0.12
-0.12
0.67
-0.04
-0.63
-0.12
-0.49
-1.76
-2.65
-1.67
-0.48
-0.36
-0.24
-0.24
-0.60
-0.60
-0.36
-0.76
0.48
0.22
-1.08
-1.32
-0.90
-0.48
-0.60
-0.27
-0.57
-0.12
-0.09
-0.12
-1.00
-0.24
-0.55
-0.12
-0.35
-0.33
-0.12
-0.12
-0.47
-0.12
-0.12
-0.12
-0.12
-0.34
0.36
0.17
-0.50
-0.24
-0.12
-0.24
-0.12
-0.12
-0.39
-0.12
-0.12
-0.12
-0.43
-0.16
-0.12
-0.12
0.01
-0.42
-0.12
-0.24
-0.12
-0.12
0.44
-0.20
0.96
-0.12
0.22
-1.63
-0.41
-0.12
0.39
0.15
-1.85
-1.71
-0.36
-0.36
1.30
-1.26
-0.12
-0.07
-0.24
-2.28
-2.01
-1.16
0.62
-0.12
-0.12
-0.36
-0.12
-0.25
-0.60
-0.57
-0.25
-0.13
-0.25
-1.08
-1.46
-2.02
-0.47
-0.47
-0.25
-0.50
-0.52
-0.38
-0.76
-0.38
-0.38
-0.38
-0.50
-0.76
-0.25
-2.37
-0.76
-1.67
-0.13
-3.20
-1.05
-0.13
0.01
-0.79
-0.28
-0.13
0.29
-0.59
-0.13
-0.25
-0.13
0.71
-0.41
1.06
-0.25
-0.22
-0.20
-0.55
-1.45
-1.37
-0.13
-0.31
-0.13
-0.13
-0.13
0.21
-0.32
-0.13
-0.13
-0.13
0.11
-1.01
-0.13
-0.46
-0.18
-0.13
0.47
-0.13
-0.13
-0.13
-0.13
-0.13
-0.13
-0.99
-2.04
-0.69
-0.13
-0.13
-0.30
-0.41
-0.91
0.11
-0.65
-0.13
-0.13
-0.13
0.05
-0.46
-0.13
-0.13
-0.13
-0.29
-0.44
-0.42
-0.98
-0.13
0.10
-1.21
-3.21
-0.96
-3.29
-1.92
-0.66
-0.66
-0.66
-0.66
-0.66
0.17
-4.27
-0.76
-1.84
-0.88
-0.88
-1.16
-2.65
0.22
-0.59
-0.44
-0.31
-0.29
-0.88
-1.90
1.05
-0.15
-0.64
-0.33
-0.15
-0.15
-0.15
-0.43
-0.15
-0.29
0.22
-2.39
-0.73
0.17
-0.15
-0.46
-0.59
-0.53
-0.42
-0.15
-0.15
-0.15
-0.38
2.01
-0.15
-0.15
-0.15
-0.15
-0.15
-0.15
-1.17
-1.75
-0.14
-1.51
-0.62
-0.38
-1.34
-0.38
-1.14
-0.38
-1.35
-0.45
-1.23
-0.76
-0.38
-0.72
-0.38
-0.76
-0.54
-2.31
-0.67
-2.65
-1.80
-1.72
-0.38
-0.88
-1.05
-0.38
-0.38
-0.76
-0.38
-0.38
-0.69
-1.60
-1.46
-1.74
-0.38
-0.57
-0.38
-1.33
-0.38
-0.38
-0.76
-0.38
-1.14
-0.38
-0.38
-1.23
-0.38
-0.38
-0.58
-0.71
-0.38
-0.52
-0.60
-0.38
-0.38
-0.38
-0.38
-0.38
-0.66
-0.64
-0.81
-3.65
-1.06
-0.50
-0.34
-0.66
-0.75
-0.33
-0.63
-0.33
-2.11
0.00
-0.33
-0.89
-0.30
-0.30
-0.62
-0.86
-0.33
-0.33
-0.33
-1.01
-0.33
0.10
-0.17
-0.17
-0.17
-0.48
-0.48
-0.53
-0.17
-0.29
-0.17
-0.24
-0.44
-0.05
-0.31
-0.45
-0.83
-0.17
-0.17
-0.17
1.14
1.44
-0.17
-0.74
-0.17
-0.17
-0.17
-0.17
-0.99
-1.30
-1.30
-0.39
-0.17
-1.15
-0.31
-0.90
-0.17
-0.31
-0.39
0.31
-0.17
-0.17
-0.17
-0.20
-1.53
-0.60
-0.17
-0.17
-0.43
-0.17
-0.17
-1.30
0.72
-0.17
-0.57
0.28
-0.40
-0.17
-0.17
-0.21
-0.17
0.33
-0.31
-0.83
-0.73
-0.17
0.14
-0.17
-0.17
-0.17
-0.17
-0.15
0.07
-0.17
-0.17
-1.17
-0.36
-0.27
-0.17
-0.64
-0.17
-0.17
-0.17
0.32
-0.33
-0.17
-1.56
-0.17
-0.17
-0.41
0.32
1.19
-0.53
-0.17
-0.17
-0.17
0.02
-0.17
-0.54
-0.08
-0.17
-0.17
-0.17
-0.01
-0.61
-0.17
-0.17
-1.02
-0.17
-0.39
-0.47
-3.04
-0.19
-1.73
-1.34
-0.61
-0.19
-0.83
-0.19
-0.85
-0.46
-0.38
-1.60
-0.15
-1.71
-0.19
-0.08
-0.40
-0.76
-0.47
-0.45
-0.19
-0.57
0.48
-0.09
-0.25
-0.09
-0.65
-0.09
-0.34
0.01
-0.51
-0.09
-0.16
-0.09
-0.25
-0.21
-0.09
-0.35
0.07
0.35
-0.19
-0.23
-0.31
-0.16
-1.24
-0.29
-0.09
-0.34
-0.09
-0.37
-0.46
-0.19
-0.09
-0.25
0.17
-0.09
-0.00
-0.09
-0.46
-0.68
-0.09
-0.09
-0.09
-0.09
-0.67
-0.07
-0.09
-0.25
-0.09
-0.09
-0.09
-0.19
-0.19
-0.35
-0.19
-0.09
-0.36
-0.09
-0.25
-0.09
-0.09
0.04
-0.09
-0.59
-0.09
0.15
0.22
-0.57
-0.09
-0.09
-0.09
-0.09
-0.09
-0.09
-1.48
-0.19
-0.09
-0.28
-0.66
-0.39
-0.09
-0.09
-0.32
-0.23
-0.09
0.46
-0.09
-0.19
-0.25
-0.87
-0.09
-0.09
-0.62
-0.61
-0.16
-0.04
-0.09
-0.50
-0.62
0.44
-0.34
-0.09
-0.28
-0.39
0.01
0.05
-0.69
-0.09
0.59
-0.15
-0.09
-0.09
-0.29
-0.19
-0.17
-0.09
-0.09
-1.37
-0.09
-2.36
-0.09
-0.41
-1.90
-0.18
-0.84
-0.18
-1.34
-0.18
-0.27
-0.18
-1.33
-0.27
0.53
-0.06
-0.55
-0.18
-0.37
-0.05
-0.18
-1.17
-0.18
0.55
-0.18
-0.18
-0.09
-0.31
0.23
0.83
-0.09
-0.09
-0.35
-0.09
-0.76
-0.18
-0.66
-1.44
-0.09
-0.09
-0.09
-0.41
-0.09
0.01
-0.37
-0.27
-0.27
-0.18
-0.14
-0.09
0.98
-0.33
-0.42
2.67
0.44
1.40
-0.09
-0.09
-0.86
-0.09
-0.56
-0.83
-0.09
-0.25
-0.31
-0.09
-0.09
-0.09
-0.18
-0.09
-0.09
-0.09
-0.09
-0.09
-0.27
-0.09
-0.09
-0.09
-0.37
-0.21
-0.98
-0.09
-0.09
0.04
-0.09
-0.09
-1.16
-2.25
-0.18
-0.09
-0.09
-0.18
-1.89
-0.18
-0.09
-0.18
-0.09
-0.09
-0.09
-0.18
-0.09
-1.11
-0.09
-0.09
-0.09
-0.09
-0.09
-1.00
-0.97
-0.09
0.07
-0.09
3.89
0.18
-0.09
-1.42
-0.09
-0.09
-0.21
-0.18
-0.09
-1.62
-0.09
-0.09
0.18
-0.51
-0.50
-0.09
-0.09
-0.09
-0.46
-0.32
-0.09
-0.09
-0.09
-0.09
-0.29
-0.09
-0.20
-0.33
0.53
-0.09
-0.26
-0.09
-0.33
-0.53
-0.09
-0.09
-0.09
-0.09
-0.09
-0.09
-0.09
-0.09
-0.09
-1.16
-0.32
0.38
0.44
0.09
-0.09
-0.09
-0.18
-0.09
-0.09
-0.18
0.03
-0.09
0.20
0.03
-0.09
-0.09
-0.09
0.55
-0.26
-0.09
-0.18
-0.09
-0.09
-0.09
-0.09
-0.72
-0.09
-0.09
-2.36
-0.44
-1.20
-0.88
-1.62
-1.26
-1.32
-0.68
-2.54
-0.44
-0.44
-0.88
-1.32
-2.21
-1.77
-0.11
-0.80
-0.44
-0.44
-0.77
-0.44
-0.44
-0.44
-1.32
-2.21
-2.03
-1.32
-0.44
-0.44
-0.88
-1.03
-0.44
-0.66
-0.74
-0.44
-0.44
-0.44
-0.44
-0.88
-0.44
-0.56
-0.44
-0.74
-0.51
-0.44
-0.29
-0.44
-0.44
-0.44
-1.41
-0.80
-0.59
-0.94
-0.59
-1.18
-0.88
-0.88
-1.48
-1.18
-0.29
-0.29
-0.29
-1.98
-0.74
-0.29
-1.24
-0.29
-1.36
-0.29
-0.29
-0.88
-1.91
-0.29
-0.29
-0.29
-0.12
-0.29
-0.29
0.30
-0.74
-0.29
-2.52
-0.88
-0.88
-1.69
-0.88
-0.88
-1.06
-0.88
-1.69
-2.65
-1.49
-0.88
-1.77
-1.77
-2.41
-1.26
-1.81
-0.88
-0.88
-0.88
-0.88
-0.88
-0.44
-0.29
-0.44
-2.95
-0.29
-0.43
1.41
-0.29
-0.83
-0.29
-0.29
-0.29
-0.12
-0.29
-0.35
-0.29
-0.59
-0.44
-0.29
0.13
-0.15
-0.29
-0.47
-0.29
-0.15
-0.77
-0.43
-0.29
-0.07
-0.40
-0.15
-0.15
-0.76
-0.54
-0.95
-0.15
-0.15
-0.15
-0.29
-1.76
-0.60
-0.38
-0.44
-0.22
-0.15
-0.15
-0.15
-0.25
-0.15
-1.70
-1.30
-3.97
-0.32
-0.15
-0.15
-0.81
-0.52
-0.15
-0.98
-0.15
-0.29
-0.15
-0.15
-0.15
-0.15
-0.15
-1.91
-0.15
-0.15
-0.15
-0.15
-0.15
-0.15
-0.15
0.33
0.20
-0.59
-0.15
-0.51
-0.59
-0.32
-2.33
-0.15
-0.15
-0.63
-0.15
-0.15
-0.15
-0.23
-0.15
-1.47
-0.15
-0.15
0.03
-0.36
-0.44
-0.90
-0.15
-0.15
-0.15
-0.15
-0.15
-0.15
-0.15
-0.15
-0.15
-0.15
0.10
-0.15
-0.15
-0.52
-2.17
-0.48
-1.28
0.03
-0.32
-0.15
-0.15
-0.15
-0.15
-0.74
-0.15
-0.46
-0.15
-1.41
-1.11
-0.15
-0.15
-0.18
-0.15
-0.15
-0.15
-0.15
-2.40
-1.82
-0.88
-0.88
-1.75
-0.88
-1.77
-2.86
-1.23
-1.03
-1.77
-0.88
-0.59
-0.59
-0.55
-1.05
-0.88
-0.29
-0.49
-0.29
-0.49
-0.59
-0.29
-0.29
-1.21
-0.67
-0.59
-0.31
-0.05
-1.79
-0.29
-0.29
-0.29
-0.81
-0.29
-0.29
-0.29
-0.29
-0.29
-0.29
-0.29
-0.29
-0.29
-0.29
-0.29
-0.29
-1.71
-2.65
-0.53
-0.53
-0.26
-2.38
-1.18
-0.65
-0.75
-0.26
-0.90
-1.40
-0.16
-2.62
-1.17
-0.59
0.49
-0.26
-0.53
-0.28
-0.72
-0.64
0.10
-1.02
-0.91
-1.05
-0.26
-1.57
-0.26
-0.67
-0.79
-0.60
-0.26
-0.26
-0.56
-1.50
-0.26
-0.26
-2.33
-0.26
-0.56
-0.26
-0.26
-0.62
-0.75
-0.26
-0.86
-0.64
-1.48
-0.71
-0.26
-0.26
-0.26
-0.26
0.19
-0.26
2.12
0.36
1.07
0.53
0.79
-0.12
0.23
0.53
1.69
1.96
0.07
0.53
-0.44
1.18
0.10
0.53
0.53
0.53
0.53
0.53
0.53
1.06
0.79
0.53
-1.02
0.31
-0.13
0.53
0.31
0.31
0.53
1.69
2.25
0.55
5.48
0.53
0.92
1.26
1.26
0.67
0.22
2.85
0.20
1.60
0.37
0.67
0.67
0.86
2.46
0.74
1.23
0.29
1.86
1.06
1.17
0.51
0.53
0.97
0.09
1.37
0.29
0.88
0.29
0.51
1.91
0.29
0.58
0.63
0.29
0.29
2.08
0.02
-0.13
0.68
0.29
0.59
0.54
1.04
0.54
0.29
0.29
1.73
0.29
2.92
-0.01
0.22
1.02
0.22
0.22
-0.44
0.44
1.10
0.22
0.48
0.22
-0.20
1.18
0.29
0.29
0.67
0.54
0.29
3.92
0.67
4.19
1.06
0.59
-0.00
0.82
0.64
0.29
0.29
0.29
0.59
0.95
-0.63
-0.96
-0.48
-0.48
-0.48
-0.48
-2.15
-0.48
-0.48
-0.48
-1.91
-0.48
-0.48
-0.54
-0.75
-0.72
-0.72
-0.78
-0.72
-0.35
-0.96
-0.48
-0.24
-0.24
-0.24
0.02
-0.24
-0.24
-0.24
-0.48
-0.31
-0.38
-0.24
-0.24
-0.26
-0.24
-0.72
-0.24
-0.24
-0.62
-0.45
-0.90
-0.24
-0.24
-0.24
-0.05
-0.24
-0.57
-1.26
-0.24
-0.24
-0.98
-0.24
-0.67
-0.88
-0.24
-0.83
-0.48
-0.72
-0.90
-0.24
-0.24
-0.36
-0.24
-0.24
-0.24
-0.24
-0.24
-0.49
-0.37
-0.24
-0.79
-0.24
-0.98
-0.24
-0.24
-0.24
-0.78
-0.24
-0.24
-0.34
-0.90
-1.10
-0.57
0.48
-0.24
-0.24
-1.17
-0.24
0.51
-0.24
-0.24
-0.54
-0.63
-1.25
-0.51
-0.28
-0.53
-0.83
-0.28
-0.42
-0.42
-0.72
-0.85
-0.37
-0.70
-1.25
-0.14
-0.24
-0.14
-0.14
-0.42
-0.30
-1.27
-0.58
-0.14
-0.80
0.14
-0.14
-0.01
-0.58
-0.14
-1.20
-0.42
-0.14
-0.76
-0.14
-0.60
-0.42
-0.35
-0.14
-0.24
-0.14
-0.27
-0.14
0.53
-0.43
-0.14
-0.14
-0.14
-0.14
-0.14
-0.30
-0.14
-0.36
-0.97
-0.14
-0.14
-0.14
-0.14
-0.17
-1.55
-0.55
-0.14
-0.31
-0.47
-0.14
-0.14
-0.24
-0.67
-0.80
-0.14
-0.35
-0.14
-0.28
-0.24
-0.14
-0.14
-3.07
-0.36
-0.14
-0.14
-0.14
-0.40
-0.84
-0.14
-0.14
-0.35
-0.14
-0.14
-0.14
-0.14
-0.14
-0.21
-0.14
-0.14
0.52
-0.45
-0.14
-0.14
-0.14
-0.14
-0.21
-0.28
-0.14
-0.02
-0.14
-0.14
-0.14
-0.14
-0.52
-0.64
-0.27
-0.14
-1.89
-0.71
0.79
1.06
1.04
0.79
1.76
0.36
0.53
1.06
-0.95
0.79
1.48
0.26
0.26
1.06
0.26
0.16
0.26
0.99
0.60
0.39
-0.30
0.26
1.48
1.06
0.26
-0.92
0.60
0.26
0.04
0.26
1.46
0.26
0.26
0.84
0.26
1.06
0.26
0.26
0.26
0.26
0.26
0.26
-0.13
0.26
-0.11
0.26
0.26
-1.48
0.26
-0.15
0.26
1.06
0.79
0.26
0.26
0.14
0.56
0.26
0.26
0.06
0.76
-0.35
0.76
-0.13
0.38
0.71
1.24
0.38
0.38
1.48
-0.20
0.58
0.66
0.38
0.76
0.38
0.38
1.19
0.38
0.16
0.62
-0.26
0.68
0.88
1.77
0.88
0.88
0.88
1.69
0.44
0.44
0.44
0.44
2.65
2.44
0.64
-1.34
0.44
0.44
-1.40
0.44
0.44
-0.04
-0.14
0.31
0.44
0.44
0.15
0.44
0.44
-0.09
0.77
-2.65
-2.65
-0.88
-0.88
-0.88
-1.24
-0.88
-0.88
-0.88
-2.19
-1.55
-0.93
-0.88
-1.00
-0.88
-0.88
-0.88
-0.88
-0.88
-2.65
-0.88
-1.77
-1.77
-0.60
-0.88
-1.15
-0.88
-0.76
-0.88
-0.88
-0.88
-0.24
-0.02
-0.06
-2.51
-1.53
-0.12
-0.29
-0.06
-0.76
-0.12
-0.29
-0.52
-0.12
-0.12
-0.12
-0.12
-0.12
-1.32
-0.12
0.32
-0.12
-0.12
-0.12
-0.33
-0.12
-0.06
-0.06
-0.06
0.27
-0.12
-0.65
-0.06
-0.12
-0.06
-0.06
-0.24
-0.06
-0.06
-0.33
-0.24
-0.06
-0.13
-0.28
-0.06
-0.06
-0.06
-0.06
-0.06
-0.06
-0.06
-0.06
-0.20
0.05
-0.06
-0.38
-0.06
-0.06
-0.17
-0.06
-0.06
-0.31
-0.06
0.16
-0.12
-0.06
-0.06
-0.28
0.11
-0.06
-0.06
-0.28
-0.06
-0.06
-0.06
-0.72
-0.61
-0.06
-0.06
-0.06
-0.06
-0.38
-0.06
-0.35
-0.06
-0.06
-0.06
-0.06
-0.23
-0.06
-0.06
-0.06
1.30
-0.06
-0.44
-0.06
-0.06
-0.06
-0.06
-0.20
-0.06
-0.06
-0.06
-0.50
-0.28
-0.22
-0.05
-0.06
-0.06
-0.06
-0.74
-0.06
-0.34
-0.06
-0.06
-0.06
-0.12
-0.06
-0.65
-0.61
-0.06
-0.06
-0.06
-0.06
-1.12
-0.06
-0.06
-0.06
-0.06
-0.06
-0.06
-0.99
-0.06
-0.39
-0.06
-0.06
-0.98
-0.97
-0.06
-0.20
-0.06
-0.06
-0.06
-0.06
-0.06
-0.06
0.33
-0.06
-0.06
-0.06
-0.06
-0.06
-0.06
-0.06
-0.32
-0.72
-0.06
-0.06
-0.06
-0.06
-0.35
-0.12
-0.06
-0.06
-0.35
-0.18
-0.06
-0.85
-0.06
-0.06
-0.06
-0.34
-0.06
-0.06
-0.06
-0.06
-0.17
-0.06
-0.06
-0.06
-0.84
-0.06
-0.06
-0.06
-0.18
-0.06
-0.06
-0.12
-0.06
-0.06
-0.06
-0.06
-0.06
-0.06
-0.12
-0.06
-0.34
-0.06
-0.78
-0.06
-0.06
-0.66
-0.06
-0.06
-0.71
-0.06
-0.06
-0.06
-0.06
-0.06
0.03
-0.59
-0.06
-2.50
-0.56
-0.06
-0.06
-0.06
-0.06
-0.06
-0.06
-0.06
0.09
-0.06
-0.58
-0.19
-0.24
-0.24
-0.48
-0.24
-0.24
0.14
-0.27
-3.13
-0.12
-0.12
-0.12
-0.31
0.18
-0.12
-0.60
-0.12
-0.30
-0.12
-0.39
-0.41
-0.12
0.84
-0.12
-0.12
-0.12
-0.12
-0.12
-0.12
-0.12
-0.12
-0.12
-0.12
-0.12
-0.12
-0.12
-0.63
0.14
-0.24
-0.12
-0.12
-0.12
0.18
-0.12
0.18
-0.12
-0.12
-0.12
-0.12
1.41
-0.12
-2.23
-0.12
-0.24
-0.24
0.04
-0.24
-0.22
-0.24
-0.41
-0.24
-0.54
0.76
-0.04
-0.12
-0.12
-0.12
-0.36
-0.12
-1.08
-0.12
-0.12
-0.36
-0.19
-0.12
-0.12
-0.56
-0.12
-0.12
-0.12
-0.19
-0.12
-1.07
-0.24
-0.24
-0.24
-1.16
-0.43
-0.12
1.47
-0.20
0.31
-0.20
-1.32
-0.60
-1.22
-0.20
-0.75
0.31
-1.02
-0.20
-0.41
-0.20
-0.41
-0.71
-0.41
-0.20
-0.20
-0.20
-0.31
-0.71
-0.20
-0.20
-0.20
-0.20
-0.20
-0.20
0.49
-0.05
-0.20
-0.20
-0.47
-0.10
-0.34
-0.63
-0.10
-0.34
-0.55
-0.10
-0.48
-0.34
-0.29
-0.10
-0.20
-0.50
-0.10
-0.10
-0.10
0.84
-0.48
-0.32
-0.10
-0.10
-0.10
-0.20
-0.10
-0.04
0.20
-0.10
-0.51
-0.41
-0.51
0.51
-0.86
-0.10
-0.10
-0.20
-0.10
0.46
-0.10
-0.10
0.61
-0.31
-0.10
-0.10
-0.10
-0.10
0.13
-0.18
-0.10
-0.20
-0.10
-0.10
-0.98
-0.22
-0.10
-0.10
-0.10
-0.10
-1.08
-0.20
-0.10
-0.10
-0.10
-0.10
-0.66
-0.31
-0.20
-0.10
0.18
-1.26
0.29
1.43
-0.10
-0.10
-0.10
-0.10
-0.10
-0.10
0.05
0.02
-0.10
-0.10
-0.10
-0.10
-0.10
-0.10
-0.10
-0.10
-0.10
-0.10
-0.58
-0.10
0.12
-0.10
-0.02
-0.27
-0.10
-0.10
-0.05
-0.38
-0.38
-0.38
-0.37
-0.26
-0.38
-0.38
-0.95
-0.38
-1.43
-0.38
-2.05
-1.55
0.32
-0.69
-0.19
-0.19
-0.19
-0.26
-0.19
-0.19
-0.19
-0.85
-0.19
-0.19
-0.19
-0.19
-0.19
-0.19
-0.85
-0.19
-0.19
-0.19
-0.19
-0.19
-0.19
-0.19
-0.63
-0.56
-0.82
-0.51
-0.38
-0.19
-0.19
-0.19
0.16
-0.52
-0.19
-1.43
-0.44
-0.08
-0.36
-0.19
-2.38
-0.19
-0.19
-0.38
-0.49
-0.19
-0.74
-1.64
-0.57
-0.19
-0.19
-0.19
-0.38
0.34
-0.19
-0.19
-0.19
-0.19
-0.19
-0.19
-0.19
-0.35
-0.20
-0.43
-0.19
0.12
-0.19
-1.77
-0.77
1.87
1.28
0.88
4.10
1.97
0.88
-0.66
-1.70
-1.40
-1.66
-0.66
-0.66
-0.31
-0.33
-0.33
-0.79
-0.50
-0.33
-0.33
-0.33
0.03
-0.66
-0.33
-0.33
-0.66
-0.77
-0.66
-0.33
-0.66
-0.66
-0.33
-0.33
-0.86
-0.33
-0.33
-0.33
-0.33
-1.38
-0.33
-0.33
-0.90
-0.33
-0.33
-0.33
-0.33
-1.44
-0.33
-0.33
-0.33
-0.90
-0.33
-0.33
-0.33
-0.33
-0.33
-0.33
-0.33
-0.33
-0.92
-0.29
-0.26
-0.26
-0.26
-1.46
-0.53
-0.26
-0.26
-0.26
-0.13
0.53
-0.35
-0.13
-0.72
-0.26
-0.35
-0.26
-0.26
0.86
-0.40
-0.13
-0.13
-0.13
-0.37
-0.13
-0.13
-0.13
-0.13
-0.13
-0.13
-0.13
-0.26
-0.13
-0.13
-0.13
-0.13
-2.73
-0.41
0.27
0.20
-0.13
-0.13
-0.13
-0.13
0.25
-0.40
-0.13
0.53
0.13
-0.35
-1.99
-0.20
-1.69
-0.43
-0.26
-0.26
-0.92
-0.13
-0.13
-0.13
-0.13
-0.90
-0.13
-0.13
-0.13
-0.13
-0.26
-0.13
2.38
0.84
-0.28
-0.37
-0.94
-1.87
-0.13
-0.44
-1.17
-0.76
-0.38
-0.38
-0.38
-0.38
-0.38
-0.38
-0.38
0.15
-0.19
-0.19
-0.22
-0.38
-0.55
0.11
-0.19
-0.19
-0.85
-0.19
-0.04
-0.43
-0.19
-0.19
-0.19
-0.19
-0.25
-0.19
-0.19
0.14
-0.19
-0.19
-0.19
-0.19
-0.19
-0.19
-2.41
-0.66
-0.66
-1.92
-0.66
-0.66
-1.09
-0.66
-0.97
-0.66
-0.66
-0.66
-0.99
-0.66
-0.66
-0.66
-0.99
-0.66
-0.66
1.15
-0.66
-0.66
-0.84
-1.31
-0.66
-1.32
-0.66
-1.74
-0.66
-0.41
-2.45
-0.74
-0.41
-0.41
-0.41
-0.41
-0.82
-0.61
-1.02
-2.65
-0.41
-0.20
-0.36
-0.20
-0.20
-0.20
-0.20
-0.20
-0.20
-0.20
-0.20
-0.20
-0.41
0.05
-0.20
-0.20
-0.58
-0.41
0.09
-0.41
-0.73
-0.01
-0.20
-0.50
-0.47
-0.20
-0.37
-0.20
-0.20
-0.41
-0.20
-0.20
-0.20
-0.20
-0.20
-0.02
-0.20
-0.70
-0.20
-0.20
-0.20
0.03
-0.41
-0.20
-0.20
-0.20
-0.85
-0.20
-0.20
-0.20
-0.20
-0.51
-0.20
-1.53
-0.20
-0.20
-0.20
-0.20
-0.20
-0.37
-0.50
-1.18
-0.20
-0.20
-0.20
-0.20
-0.16
0.13
-0.73
-0.20
-0.20
-0.41
-0.20
-0.20
-1.16
-0.08
-0.20
-0.20
-0.20
-0.47
-0.05
-0.43
0.00
-0.52
-0.29
-0.29
-0.71
-0.15
-0.15
-0.29
-0.15
-0.15
-0.15
-0.15
-0.15
-0.15
-0.15
-0.15
-0.15
-0.90
-0.15
-0.15
-0.15
-0.15
-0.15
-0.15
-0.15
-0.29
-0.15
-0.15
-0.15
-0.15
-0.15
0.44
-2.65
-0.66
-0.66
-0.66
-0.66
-2.16
-1.29
-0.66
-0.66
-0.66
-0.56
-0.66
-1.11
-1.32
-0.66
-1.77
-1.24
-1.82
-0.88
-1.77
-0.88
-0.88
-1.92
-0.88
-0.88
-0.88
-1.32
-0.88
-1.06
-1.92
-0.88
-1.77
-0.88
-0.88
-0.88
-1.55
-0.88
-1.32
-0.44
-0.44
-0.44
-0.44
-0.44
-0.44
-0.42
-0.44
-0.77
-0.44
-0.44
-0.44
-0.42
-0.44
-0.44
-0.44
-0.44
-0.44
-0.44
-0.82
-0.44
-0.44
-0.67
-0.44
-0.88
-0.44
-0.44
-0.44
-0.44
-0.44
-0.83
-0.48
0.28
-1.09
-0.17
-0.50
-0.30
-0.37
-0.17
0.17
-0.17
0.31
-0.46
-0.17
-0.22
-0.17
-0.31
-0.17
-0.17
-0.17
-0.17
-0.47
-0.17
-0.17
-0.17
-0.17
-0.17
-0.17
-0.17
-0.17
-0.17
-0.28
-0.33
-0.17
-0.46
-0.17
0.07
-0.17
-0.17
-0.34
-0.17
-0.17
-0.17
-0.17
-0.17
-0.17
-0.17
-0.17
0.07
-0.50
-0.17
-0.33
-0.33
0.21
-0.76
-0.38
0.07
-0.38
-0.38
-0.38
-1.45
-0.38
-0.66
-0.38
-0.38
0.72
-0.38
-0.38
-0.38
-0.38
-0.38
0.95
-0.38
-0.38
-0.38
-0.53
-0.79
-0.53
0.23
-0.26
-0.26
-0.44
-0.49
-0.26
-0.26
-0.25
-0.53
-0.08
-0.26
-0.26
-0.26
-0.39
-0.45
-0.26
-0.71
-0.01
-0.26
-0.26
-0.56
-0.26
-0.42
-1.27
-0.53
-0.69
-0.26
-0.79
-2.00
-0.26
-1.76
-0.87
-0.26
-0.26
-0.26
-0.26
-0.26
-0.79
-2.02
-0.26
-0.08
-0.53
-0.26
-0.26
-0.26
-0.07
-0.26
-0.26
-0.26
-0.26
-0.26
-0.56
-0.26
-0.51
-2.25
-0.60
-0.26
0.07
-0.26
-0.75
-0.26
-0.69
-1.06
-0.46
0.90
-0.53
-0.53
0.07
-0.97
-0.53
-0.53
-0.56
-0.46
-1.72
-0.53
-0.27
-0.53
-0.53
-2.32
-2.56
-0.09
-0.53
-1.17
-0.53
-0.23
-0.44
-2.65
-0.22
-0.44
-1.10
-0.22
-3.13
-0.22
-0.44
-0.22
-0.22
-0.22
-0.66
-2.57
-1.04
-0.44
0.02
-0.22
-0.22
-0.22
-0.22
-0.22
-0.44
-0.22
-0.22
-3.77
-0.22
-0.22
-0.22
-0.22
-1.84
-0.22
-0.22
-2.09
-0.22
-0.22
-0.22
-0.22
-0.22
-0.22
-0.22
-0.22
-0.22
-0.36
-0.22
-0.22
-0.22
-0.78
-0.40
-0.22
-0.22
-0.22
-0.22
-0.22
-0.22
-0.22
-0.22
-0.22
-0.22
-0.22
-2.87
-0.22
-0.22
-0.22
-0.22
-0.22
-0.22
-0.22
-0.66
-0.22
-0.44
-0.55
-0.22
-0.52
-0.22
-0.22
-0.22
-0.22
-0.22
-0.22
-0.22
-0.22
-0.22
1.19
0.53
2.42
0.69
1.06
-0.20
-1.32
-1.32
-2.02
-0.66
-0.33
-0.99
-1.21
-1.66
-0.33
-1.17
-1.19
-0.33
-0.33
-0.86
-0.33
-0.33
-0.66
-0.33
-0.62
-0.33
-0.66
-0.33
-0.33
-2.10
-0.99
0.41
-0.90
-1.40
-0.33
-2.92
-1.13
-1.14
-0.43
-0.76
-0.76
-0.38
-0.76
-0.38
-1.10
-0.38
-0.38
-0.38
-0.38
-0.38
-0.38
-0.38
-0.38
-0.38
-2.09
-0.38
-2.65
-1.77
-1.77
-1.76
-0.88
-0.88
-0.88
-1.26
-1.41
-0.88
-0.88
-0.88
-1.15
-0.88
-0.88
-1.26
-1.32
-1.68
-1.41
-0.88
-0.88
-1.34
-1.34
-1.34
-0.88
-0.88
-2.65
-0.88
-2.11
-1.77
-0.88
-0.88
-1.26
-0.88
-0.88
-0.88
-0.88
-0.88
-0.88
-1.10
-2.35
-1.67
-1.10
-1.10
-0.88
-0.88
-0.88
-0.88
-0.88
-1.77
-0.88
-0.67
-0.88
-0.88
-0.88
-2.14
-1.07
-0.76
-0.88
-2.32
-0.33
-0.66
-0.66
-1.32
-1.32
-0.33
-1.30
-0.33
-0.33
-0.33
-0.33
-0.66
-0.33
-0.66
-0.33
-0.33
-0.41
-0.42
-0.33
-0.66
-0.81
-0.66
-1.60
-0.18
-0.33
-0.33
-0.33
-0.33
-0.33
-0.33
-2.70
-2.65
-2.69
-1.92
-2.65
-2.38
-0.88
-0.88
-1.07
-0.88
-1.19
-0.48
-0.88
-0.88
-2.69
-0.88
-2.65
-0.88
-0.88
-0.88
-0.88
-2.52
-0.88
-0.88
-0.88
-1.10
-0.88
-0.85
-0.94
-0.88
-0.88
-0.88
-0.88
1.59
0.92
0.53
0.53
0.53
0.53
0.31
1.12
1.91
0.53
0.53
0.53
0.66
0.25
0.66
0.66
0.17
0.66
0.66
1.63
0.85
1.94
0.88
0.88
1.44
2.99
2.26
0.96
0.48
0.24
0.37
0.39
0.24
0.24
0.24
0.24
0.40
0.81
-1.11
0.08
0.62
0.43
0.24
2.36
0.43
0.57
0.24
1.94
0.24
0.36
0.42
0.80
-1.32
-0.66
-0.66
-0.66
-0.66
-0.66
-0.66
-0.22
-0.66
-0.66
-0.66
-0.66
-0.66
-0.66
-0.66
-1.04
-0.66
-0.66
-0.66
-0.66
-0.66
-0.66
-0.66
-0.66
-0.66
-0.66
-0.66
-0.66
-0.66
-0.66
-0.66
-0.66
-1.32
-0.66
-0.66
-0.66
-0.76
0.00
0.03
-0.76
-0.23
-0.01
-0.38
-1.20
-0.38
-0.38
-0.38
-0.24
-0.38
-0.38
-0.38
-0.38
-0.38
-0.38
-0.38
-0.10
-1.32
-2.59
-1.32
-1.32
-0.66
-0.84
-2.15
-1.32
-0.66
-0.66
-0.09
-0.66
-0.54
-0.66
-0.88
-0.66
-0.66
-0.66
-1.12
-0.66
-0.66
-0.66
-0.66
-0.66
-1.32
-1.32
-1.08
-0.66
-0.66
-0.66
-0.66
-0.66
-0.66
-1.99
-0.38
-0.66
-0.99
-0.66
-0.66
-0.66
-0.66
-0.66
-1.04
-0.66
-0.66
-0.66
-0.66
-0.66
-0.66
-0.66
-0.66
-0.66
-0.32
-0.66
-0.66
-0.66
-1.32
-0.66
-0.72
-0.66
-0.66
-0.66
-1.32
-0.66
-0.66
-0.66
-0.66
-0.90
-0.66
-0.66
-0.66
-0.66
-0.66
-0.83
-0.66
-0.66
-0.66
-0.66
-0.76
-0.76
-0.76
-2.25
-0.17
-0.38
-2.62
-0.79
-0.76
-0.76
-0.38
-0.38
-0.38
-0.38
-0.38
-0.38
-0.38
0.05
-0.38
-0.38
-0.53
-0.38
-0.21
-1.04
-0.38
-0.38
-0.38
-0.71
-0.38
-0.38
-0.38
-0.38
-2.05
-0.38
-0.38
-0.38
-0.38
-0.38
-1.26
-0.38
-0.38
-0.38
-0.38
-0.38
-0.38
-0.38
-0.38
-0.38
-0.38
-0.38
-0.38
-0.38
-0.38
-1.32
-0.33
-1.66
-0.33
-2.32
-1.66
-0.66
-0.33
-0.33
-0.33
-0.71
-0.66
-0.71
-0.33
-0.99
-0.33
-0.33
-0.33
-0.86
-0.33
-0.33
-0.33
-0.33
-0.33
-1.42
-0.33
-0.33
-0.33
-0.33
0.22
-2.21
-1.30
-0.44
-0.88
-0.44
-0.44
-0.51
-0.44
-2.61
-0.44
-0.44
-0.44
-0.66
-0.44
-0.44
-1.53
-0.84
-1.14
-1.14
-0.38
-0.38
-0.89
-0.38
-0.67
-0.38
-0.38
-0.38
-0.76
-0.38
-0.38
-1.53
-0.38
-0.38
-0.38
-0.38
-0.38
-0.38
-0.38
-0.44
-0.54
-0.38
-0.76
-0.38
-0.38
-0.38
-0.76
-0.38
-0.38
-0.82
-0.38
-0.38
-0.76
-0.38
-0.38
-0.76
-0.38
-0.38
-0.38
-0.38
-1.12
-0.38
-0.38
-0.38
-0.38
-0.38
-0.38
-0.38
-0.38
-0.04
-0.38
-0.38
-0.38
-0.38
-0.38
-1.20
-1.14
-1.14
-1.14
-0.38
-0.18
-0.76
-0.38
-0.87
-0.38
-0.38
-0.38
-0.38
-0.38
-1.04
-0.38
-0.38
-0.74
-0.38
-0.38
-0.05
0.30
0.53
-0.04
-0.38
-0.38
-0.38
-0.38
-0.38
-0.38
-0.38
-0.38
-0.38
2.79
0.66
0.66
1.01
2.60
0.66
0.66
1.82
1.12
0.66
0.77
0.53
0.53
0.72
0.19
1.03
0.63
0.43
-0.47
0.36
0.35
1.26
0.19
0.19
0.38
0.19
0.19
-4.55
-1.57
-1.32
-1.32
-1.66
-1.32
-1.32
-1.48
-1.32
0.56
0.40
0.11
0.42
-0.27
0.21
-0.27
0.66
0.99
0.78
-0.05
0.33
0.57
0.51
0.33
0.33
0.33
-1.32
-1.32
-0.66
-1.32
-0.66
-0.66
-0.16
-0.28
-0.66
-0.44
-0.66
-0.20
-0.61
-0.20
-0.41
-0.41
-0.20
-0.20
-0.91
-2.89
-1.69
0.00
-1.19
-0.66
-0.66
0.48
0.48
1.88
0.24
0.24
0.28
0.28
3.29
0.44
0.66
0.22
0.22
0.22
0.41
0.22
0.22
0.69
1.75
0.52
0.44
0.44
0.67
5.89
2.69
0.38
2.34
0.71
0.38
1.14
3.29
1.08
0.10
1.57
-0.23
0.10
0.10
0.48
1.33
0.24
0.24
0.91
0.46
0.46
0.61
0.24
0.48
0.24
0.24
0.24
0.24
0.24
0.24
-0.42
0.24
0.24
0.47
0.24
0.24
0.80
0.66
1.32
0.55
0.55
0.77
0.66
0.58
0.47
1.94
0.09
0.24
4.16
1.56
0.24
0.19
0.80
0.24
0.10
0.24
0.24
0.24
0.24
0.24
0.24
2.08
0.92
0.24
0.21
0.57
2.17
1.20
0.45
0.24
0.24
0.24
0.24
-2.41
-2.50
-0.59
-1.65
-1.41
-0.29
0.59
-0.29
-0.88
-0.59
-0.29
-0.88
-0.96
-0.29
-0.88
-1.18
-0.88
-0.29
-0.29
-0.59
-0.29
-0.29
-0.29
-0.29
-0.36
-0.59
-0.59
-0.29
-0.29
-0.29
-0.29
0.04
-0.97
-0.29
-0.29
-0.29
-2.33
-0.29
-0.29
-0.29
-0.82
-0.29
-1.18
-0.88
-0.29
-0.59
-0.29
-0.29
-0.29
-0.29
-0.29
-1.00
-0.29
-1.47
-0.29
-0.48
-0.48
-0.29
-0.29
-0.29
-0.59
-0.29
-0.29
-0.29
-1.18
-0.29
-0.41
-0.29
-0.29
-0.78
-1.06
-2.98
-1.52
-0.53
-0.53
-0.53
-0.53
-0.53
-0.53
-0.53
-0.53
-1.06
-1.06
-1.06
-0.53
-0.53
-0.86
-0.75
-0.53
-0.53
-0.53
-0.53
-0.53
-1.06
-1.06
-0.53
-0.53
-0.53
-0.53
-1.06
-3.05
-0.59
-0.53
-0.53
-0.81
-0.72
-0.53
-0.31
-0.53
-0.53
-0.53
-0.53
-0.53
-0.53
-0.79
-0.53
-0.53
-0.94
-0.53
-0.53
-1.06
-0.53
-2.91
-1.19
0.56
-0.53
-0.53
-0.53
-0.53
1.00
0.19
0.19
0.32
0.19
0.19
0.38
0.80
1.18
1.76
0.29
0.29
0.00
0.29
0.29
0.29
0.29
0.29
0.29
0.29
0.29
0.29
1.00
0.15
1.21
6.71
2.21
4.91
0.44
0.88
2.59
0.44
0.44
0.44
0.14
0.55
0.44
0.44
0.88
0.64
0.29
0.44
0.24
4.30
0.24
0.18
0.74
0.24
0.48
0.08
0.24
0.24
0.00
0.08
0.65
0.24
1.76
8.22
-0.22
0.38
0.38
0.38
0.76
0.38
-1.99
-0.66
-0.66
-0.24
-0.33
-0.33
-0.33
-0.33
-0.33
-0.33
-0.33
-0.33
-0.33
-0.51
-0.33
-0.52
-0.33
-0.33
-0.33
-0.33
-0.33
-1.45
-0.33
-1.29
-0.33
1.51
0.52
0.76
0.76
0.38
0.38
0.56
0.38
0.38
0.37
0.59
0.29
0.29
0.29
0.85
1.09
0.68
0.29
0.29
0.29
0.59
0.74
2.92
0.77
0.93
0.72
0.29
1.48
0.93
1.57
0.18
1.28
0.35
0.18
0.18
0.18
0.79
0.53
0.18
0.18
0.18
0.18
0.18
0.18
0.18
0.18
0.18
0.48
0.04
0.18
0.18
0.18
0.59
0.18
0.18
0.18
1.97
0.64
0.19
0.19
0.19
0.19
0.19
0.97
-0.03
0.19
0.19
0.52
0.57
0.19
-0.76
0.19
0.19
0.52
1.99
0.66
0.33
0.66
1.42
0.33
0.75
0.33
0.04
0.66
0.33
1.04
0.75
1.70
1.42
1.14
0.38
1.28
1.45
0.38
0.22
2.70
0.22
0.01
2.74
0.38
0.38
0.17
0.18
0.18
0.99
1.32
2.08
2.65
0.99
0.99
1.09
1.09
0.33
0.33
0.66
0.33
0.66
0.66
0.33
0.66
0.86
0.35
0.33
0.33
0.66
0.33
0.33
0.33
0.60
0.33
0.33
0.33
0.33
0.33
0.33
0.33
0.00
0.60
0.33
0.33
0.33
0.33
0.33
0.33
0.33
0.33
0.18
0.33
0.33
0.41
0.33
0.33
-0.33
0.33
0.33
1.80
0.33
0.18
0.53
0.53
0.26
0.96
0.45
1.06
0.26
0.26
0.26
0.53
2.42
2.80
-0.17
1.62
0.10
0.26
0.26
0.26
0.26
0.26
0.26
0.26
0.26
0.26
0.26
0.53
0.09
0.26
0.26
0.26
0.26
1.23
1.99
2.37
0.66
2.65
1.74
1.45
0.19
0.38
0.19
0.19
2.65
1.24
0.26
0.26
0.26
0.26
0.53
0.53
0.79
0.26
0.51
0.26
0.53
0.64
0.26
0.26
0.66
0.88
0.44
0.22
0.22
0.44
0.22
0.22
0.22
0.22
0.22
0.22
0.22
0.26
0.59
-1.06
0.26
0.26
0.26
0.26
0.26
0.73
0.26
-0.18
0.49
0.97
0.53
0.79
0.26
0.13
0.26
0.26
0.26
0.26
0.26
0.15
0.26
0.26
0.08
0.26
0.65
0.60
0.26
0.38
0.71
0.38
1.04
0.19
0.19
0.38
0.19
0.19
0.19
0.38
0.19
-0.35
0.99
0.99
0.33
0.33
-1.14
-0.76
-0.76
-2.08
-0.38
-0.38
-0.88
-0.38
-0.38
-0.38
-0.38
-0.38
-0.38
-0.38
-0.38
-0.22
-1.81
-1.32
0.69
-2.80
-1.32
-1.32
-1.32
-1.32
-1.32
-0.66
-0.66
-0.66
-1.70
-0.28
-0.66
-0.66
-0.66
-1.32
-1.32
-3.57
-2.65
-1.32
-1.32
-1.32
-1.32
-1.32
-1.32
-1.32
-1.32
-1.32
-1.32
0.33
0.33
1.18
1.64
0.29
0.29
0.29
0.29
0.29
EE: -0.00
CEE: -0.00
